id	age	employees	totalassets	sales	addedvalue	ebit	roa	roi	ros	roe	leverage
9313	47	140	13874	19770	6545	752	.056724809	.054202106	.03803743	.12090951	2.1315103
9330	39	34	7630	5646	1860	250	.024246396	.0327654	.044279136	.057028361	2.3520346
7666	155	70	61367	38985	6602	1845	.016344288	.030065019	.047325894	.039280958	2.4033446
7669	30	42	5417	7019	1260	128	-.0079379734	.023629315	.018236216	-.071428575	8.9983387
9321	42	26	2632	1973	1047	92	-.013677811	.034954406	.0466295	-.10465116	7.6511626
7282	18	11	1415	3087	1146	511	.34770319	.36113074	.16553289	1.0292886	2.9602511
7657	16	35	5519	6608	1887	160	-.0072476896	.028990759	.024213076	-.073937155	10.201479
9370	25	41	2571	4456	1820	221	.088292494	.085958771	.049596049	.19636679	2.2240484
8588	31	20	1753	2336	763	68	.023958927	.038790643	.02910959	.078504674	3.2766354
7281	18	16	1346	1981	682	74	.023774145	.054977711	.037354872	.1509434	6.3490567
9414	12	14	3031	2806	1120	314	.090399206	.10359617	.11190306	.4551495	5.0348835
7287	11	25	1220	1859	693	64	-.0098360656	.052459016	.03442711	-.44444445	45.185184
7662	13	42	2961	7309	1520	429	.14319487	.14488348	.058694761	.74516696	5.2038665
6919	77	20	1643	1214	407	9	-.023128424	.0054777847	.0074135088	-.070500925	3.0482376
7278	12	18	3391	3809	1292	563	.14803892	.16602772	.14780782	.41625208	2.8117745
9412	14	30	14309	20446	4006	2177	.15661472	.152142	.10647559	.31778219	2.0290697
8582	31	16	1271	1926	715	126	.085759245	.099134542	.065420561	.2691358	3.1382716
9325	40	26	3402	3134	1304	59	.010288066	.017342739	.018825782	.017866258	1.7366003
7654	18	25	18541	13353	2758	1218	.046761233	.065692246	.091215454	.085410304	1.8265196
9712	14	10	2305	1979	390	92	-.0013015184	.039913233	.046488125	-.022556391	17.330828
9322	42	50	22688	26533	4255	604	.01401622	.026622003	.022764105	.028932763	2.0642343
7645	28	17	2330	2364	648	42	-.0081545068	.01802575	.017766498	-.20879121	25.604395
6920	57	11	744	1516	393	25	.034946237	.033602152	.016490765	.088135593	2.5220339
7640	33	23	2110	3037	1076	150	.052606635	.07109005	.049390845	.19892474	3.7813621
7635	59	350	101898	130712	24975	6274	.048656501	.061571375	.047998652	.18793829	3.8625526
9351	38	60	6439	7784	3480	1113	.15483771	.17285293	.14298561	.37354815	2.412514
8595	16	20	5537	6050	1113	396	.025465053	.071518876	.065454543	.17691343	6.9473023
7289	8	18	3031	2887	944	160	.0075882548	.052787859	.055420853	.089147285	11.748062
7283	18	38	3157	3930	2072	148	.037377257	.046879951	.037659034	.078719147	2.1060708
6948	6	12	3490	3068	453	-143	-.083094552	-.040974211	-.046610169	-1.2236286	14.725739
7646	28	70	22747	19952	8346	5198	.24829648	.22851364	.26052526	.3949098	1.5904769
7651	20	27	11287	15212	2478	430	.013201028	.038096927	.028267158	.048266925	3.6563005
7285	46	36	9005	3117	1246	-100	-.044530816	-.011104941	-.032082129	-.16673596	3.7442827
8596	27	24	2851	4511	1252	366	.12556997	.12837601	.081135005	.23337679	1.8585398
6937	15	40	1476	2528	1161	-127	-.089430891	-.086043358	-.050237343	-.40615386	4.5415382
9409	15	500	86293	134359	34430	-392	-.0055740327	-.0045426628	-.0029175568	-.013216102	2.3710124
7086	7	14	1761	2614	762	129	.045428734	.073253833	.049349654	.85106385	18.734043
9348	32	63	8682	7730	3231	57	-.017622668	.0065653077	.007373868	-.061843168	3.5092967
6942	12	323	74514	51316	21833	2455	.020197546	.032946829	.04784083	.07706093	3.815361
9376	50	50	4363	4513	2321	45	-.0066468026	.010314004	.009971194	-.051785715	7.7910714
9306	74	29	3054	3204	1193	176	.030779306	.057629339	.054931335	.18146718	5.8957529
7644	26	12	1614	2226	552	119	.047707558	.073729865	.053459119	.26460481	5.546392
7665	6	19	1468	2833	596	103	.033378746	.070163488	.03635722	.84482759	25.310345
7664	42	330	53718	57143	13235	380	-.071037643	.0070739789	.0066499836	-.37834623	5.3259964
9349	30	29	3416	5039	1551	101	.025468385	.029566744	.02004366	.075982533	2.9834061
9714	10	45	2445	3616	1927	149	.039672803	.060940694	.041205753	.32550335	8.2046976
9316	45	93	25340	34266	6105	819	.018389897	.032320444	.023901243	.049962476	2.7168436
9420	10	20	3217	5941	1275	48	-.0074603669	.014920734	.0080794478	-.083916083	11.248252
9311	49	189	64214	102917	16806	7050	.11380696	.10978914	.0685018	.16808115	1.4768969
7286	29	29	2902	4188	957	89	-.0065472089	.030668505	.021251194	-.1091954	16.678162
6930	29	18	2736	2968	979	144	.033260234	.052631579	.048517521	.092857145	2.7918367
9371	31	20	22327	22869	1271	545	.0015676087	.024409907	.023831388	.0052114353	3.3244491
9440	4	40	63142	78033	5275	1445	.069430806	.022884926	.018517807	.23662762	3.408107
6926	32	25	3431	2694	866	208	.023899738	.060623724	.077208608	.11096076	4.6427603
7284	12	28	2237	2689	1407	147	.036209207	.065713011	.054667164	.60447758	16.694031
9360	27	43	6521	6521	1996	337	.043551601	.05167919	.05167919	.086479902	1.9856882
7660	14	22	2875	5747	759	-4	-.0083478261	-.0013913043	-.00069601531	-.013690815	1.6400456
9381	23	24	2155	2057	1171	255	.11832947	.11832947	.12396694	.20731707	1.7520325
9437	6	20	7455	5944	1430	239	-.0077800136	.032059021	.040208615	-.13364056	17.17742
9439	4	12	889	1390	571	-87	-.12710911	-.097862765	-.062589929	-2.825	22.225
9434	32	205	26067	15363	2676	-12984	-.52549201	-.49810106	-.84514743	-1.6819744	3.2007613
7647	26	72	5809	9124	1747	123	.0034429333	.02117404	.01348093	.008067769	2.3432837
9406	26	40	2523	2537	504	131	.019817678	.051922314	.051635791	.45871559	23.14679
9368	30	17	3577	2773	1064	342	.098965615	.09561085	.12333213	.20391706	2.0604839
9342	32	100	13781	15024	4259	723	.020898338	.052463535	.048123002	.10650887	5.0965238
9718	31	10	424	732	318	29	.030660378	.068396226	.039617486	-.15476191	-5.0476189
9435	5	290	28390	57082	12056	1284	.024832688	.045227192	.022493957	.18359375	7.393229
9328	39	33	3927	2624	966	32	.0045836517	.008148714	.012195121	.007395234	1.6133935
8594	17	24	1579	1602	971	126	.060797974	.079797342	.078651689	.14656489	2.410687
9389	28	24	3983	3818	1351	-309	-.1149887	-.077579714	-.080932423	-2.4232805	21.074074
7277	24	80	11592	17201	3999	159	.0094030369	.013716356	.0092436485	.027195608	2.8922155
9315	49	15	2999	2318	827	229	.093697898	.076358788	.098792061	.15380405	1.6414888
7659	15	16	2370	2654	700	258	.1	.10886076	.097211756	.75	7.5
9401	17	22	792	888	679	55	.023989899	.069444448	.061936937	.42222223	17.6
6940	13	15	849	595	279	11	-.015312131	.012956419	.018487396	-.095588237	6.2426472
7279	48	64	26382	50632	6345	243	.0047759837	.0092108259	.0047993362	.013282732	2.7811511
8593	37	29	1016	1444	683	76	.035433073	.074803151	.052631579	.2208589	6.233129
9403	16	15	13689	13298	1214	498	.013952808	.036379576	.037449241	.052530251	3.7648516
9402	17	39	9101	9216	2135	326	.030216459	.035820238	.035373263	.29891303	9.8923912
9432	37	34	5462	5130	1780	273	.027645551	.049981691	.053216375	.2972441	10.751968
9339	33	18	2851	3076	1005	214	.023500526	.075061381	.069570869	.20872274	8.8816204
9711	19	17	4375	2152	968	250	.018285714	.057142857	.116171	.065573767	3.5860655
9725	26	12	2795	1712	717	77	-.0067978534	.027549194	.044976637	-.028231798	4.1530461
6931	26	21	3530	5893	882	164	.040509917	.046458922	.027829628	.065989845	1.6289802
9411	14	12	2852	6593	1250	300	.10518934	.10518934	.045502804	.48780489	4.6373982
7275	31	32	8370	8183	1481	332	.026403824	.039665472	.040571917	.07092426	2.686136
9312	50	265	36517	99188	33950	2187	.06314867	.059889913	.022049038	.097965077	1.5513403
8587	31	14	1524	1905	596	85	.022309711	.055774279	.044619422	.15962441	7.1549296
9334	74	32	5433	4603	1287	117	.0055218111	.021535063	.025418205	.012484395	2.2609239
9373	24	28	2707	2533	1520	194	.043960102	.071666054	.076589026	.1401649	3.188457
6943	12	20	932	1648	650	-26	-.043991417	-.027896997	-.015776699	-.21465969	4.879581
9715	10	100	5084	10956	3456	270	.033634935	.053107791	.02464403	1.2481751	37.109489
9340	33	11	1029	1415	448	71	.065111756	.06899903	.05017668	.11336718	1.7411168
6933	20	15	978	1203	363	-45	-.065439671	-.046012271	-.037406486	-3.7647059	57.529411
9422	6	210	156668	104485	22438	7856	.030191232	.050144255	.075187825	.07655704	2.5357375
8583	30	30	7934	9636	2069	388	.059868917	.048903454	.040265672	.14646932	2.4465001
7671	4	20	1703	2866	847	135	.032883149	.079271875	.047103979	2.8	85.150002
9331	38	30	6479	6878	3438	1405	.22102176	.21685445	.20427451	.28072926	1.2701432
7009	40	95	14872	18038	3688	192	-.048345886	.012910167	.010644196	-.57474023	11.888089
7504	10	42	13304	9258	2813	629	.03179495	.047279015	.067941241	.063733615	2.0045202
7725	10	69	25378	34011	4418	-793	-.046654582	-.031247538	-.023315987	-.969697	20.784603
7995	44	20	2258	4610	1008	212	.095217004	.093888395	.045986984	.30453259	3.1983004
9705	3	25	5634	7332	1149	-100	-.039226126	-.017749378	-.013638844	-1.1881721	30.290323
8980	49	24	2512	2173	717	50	.018312102	.019904459	.023009663	.086466163	4.7218046
8201	32	40	7516	8372	2361	724	.10098457	.096327834	.08647874	.1460177	1.4459407
7256	12	220	1680	2260	579	-287	-.19761905	-.17083333	-.12699115	1.8043479	-9.130435
7246	12	143	59171	23557	6037	-5717	-.10371635	-.096618272	-.24268796	-.78148478	7.5348272
7266	62	80	29711	18297	4785	-633	-.055736933	-.021305241	-.034595836	-.24771877	4.444428
8336	39	29	1636	1583	979	153	.10513447	.093520783	.096651927	.15551537	1.4792043
8361	6	49	17051	12899	4123	850	.059468653	.049850449	.065896578	.15024447	2.5264482
7456	31	22	7136	9033	1429	507	.05605381	.071048208	.056127533	.097016737	1.7307786
7254	74	48	15332	11501	1192	-962	-.094638661	-.062744588	-.083644897	-1.71513	18.122931
8384	43	14	13912	12295	1590	636	.0073317997	.045715928	.051728345	.08755365	11.941631
7443	43	60	12383	10308	3008	536	.017201001	.04328515	.051998448	.070740618	4.112587
8156	53	18	2209	2197	780	26	.03078316	.011770031	.01183432	.044766292	1.4542462
7427	62	175	129910	85368	27001	3365	.010853668	.025902549	.03941758	.026273618	2.4207132
8206	31	40	4614	3315	1474	243	.024057217	.0526658	.073303171	.13875	5.7674999
8978	9	20	1144	1811	740	206	.15909091	.18006992	.11374931	.70542634	4.4341087
8330	11	26	1693	1548	460	-553	-.38157117	-.32663912	-.35723513	-3.6089385	9.4581003
8389	50	14	13486	9707	1711	564	.0017796233	.041821148	.058102399	.015276894	8.584341
9672	28	30	6405	5003	1439	30	-.023106948	.0046838406	.0059964024	-.142171	6.1527376
7508	36	260	86849	99627	21024	4684	.027519027	.053932689	.047015369	.071002051	2.5801075
7713	14	30	2061	3379	1739	59	.027656477	.02862688	.017460788	1.0363636	37.472729
7174	33	24	5298	4650	2088	918	.20366175	.17327294	.19741936	.25081357	1.2315202
7530	13	11	455	783	491	34	.039560441	.074725278	.043422733	.38297874	9.680851
8164	47	180	35489	59183	14249	3850	.095635265	.10848432	.065052465	.33398938	3.4923244
8280	22	47	8473	12577	2073	250	.0011802195	.029505488	.019877555	.0061652283	5.2237978
9221	12	22	6062	7025	1186	140	.037281424	.023094688	.019928826	.31345353	8.4077673
8311	17	20	3210	3532	889	198	.027414329	.061682243	.056058891	.55696201	20.316456
9628	59	16	6686	1625	79	-653	-.1094825	-.097666763	-.40184614	-.16625029	1.5185101
7204	30	30	3350	2361	1190	-459	-.15671642	-.13701493	-.19440915	-3.0701754	19.590643
9662	40	30	3459	2385	820	119	.0092512285	.034403007	.049895179	.031341821	3.3878551
7525	153	500	320780	287548	107292	39430	.10420849	.12291913	.13712493	.26523843	2.5452671
8964	25	30	2646	4424	1113	147	.032879818	.055555556	.03322785	.28712872	8.7326736
7460	35	24	12003	6705	906	370	.010080813	.030825626	.055182699	.028659403	2.8429654
8224	44	34	3411	3091	1866	66	-.0011726767	.019349165	.021352313	-.0088691795	7.5631928
9631	45	19	3227	2439	1045	193	.020762319	.059807871	.079130791	.13929313	6.7089396
7225	32	16	1412	1866	593	48	.021246459	.033994336	.025723472	.075376883	3.5477388
8409	22	25	5579	3913	1261	350	.02742427	.06273526	.089445442	.1827957	6.665472
7238	14	29	3760	3587	1070	108	.00026595744	.028723404	.030108726	.0018484289	6.9500923
9661	27	17	3763	2366	1224	219	.022322616	.058198247	.092561282	.093023255	4.1672206
7748	22	340	172035	229895	20936	1500	.0053942511	.0087191556	.0065247179	.012933978	2.3977337
9647	33	20	7609	7659	1303	579	.060454726	.076094098	.075597338	.1905551	3.1520298
7537	11	25	2272	4089	1387	98	.022007043	.043133803	.023966741	.52083331	23.666666
8235	28	17	4028	3649	616	81	.019364448	.020109236	.022197863	.036111113	1.8648148
7528	14	19	2312	2525	810	254	.099480972	.10986159	.10059406	.29639176	2.9793816
8405	37	275	76049	60719	17436	3534	.032360714	.046470039	.058202539	.10490196	3.2416453
7192	29	43	12303	13976	3284	1135	.088271156	.092253923	.081210651	.16170339	1.831894
7207	23	36	14017	5569	1567	73	-.0076335878	.0052079619	.013108278	-.02063645	2.7033751
8955	24	18	872	2878	447	69	.079128437	.079128437	.023974983	.61061949	7.716814
7196	25	10	4263	2999	841	136	.03166784	.031902418	.045348451	.080023713	2.5269709
7752	17	17	3633	2060	531	28	-.032204788	.0077071292	.013592233	-4.875	151.375
9212	29	29	4842	3421	1926	709	.16212308	.14642709	.20724934	.2081676	1.2840096
7439	42	20	6979	4041	1239	301	.0044418969	.043129388	.074486516	.017174516	3.866482
7172	35	35	12415	11971	2802	542	.033024568	.043656867	.045276083	.06095748	1.8458222
8387	58	18	5039	2623	935	148	.0051597538	.029370908	.056423943	.017508417	3.393266
8956	38	15	967	979	489	14	-.031023785	.014477766	.014300306	-.30927834	9.9690723
7161	50	25	2098	2464	1517	108	.0095328884	.051477596	.04383117	2.5	262.25
7163	46	18	2908	1356	408	-149	-.0522696	-.051237963	-.109882	-.06909091	1.3218182
7674	49	19	3158	2033	1220	243	.072830908	.076947436	.11952779	.16208598	2.2255108
8135	76	85	9244	7431	3815	-126	-.034941584	-.013630463	-.016955996	-.16346154	4.6781378
7536	12	30	6090	4724	1662	254	-.0027914613	.041707717	.053767994	-.059440561	21.293707
9640	0	44	7769	5113	2498	236	.017762903	.03037714	.046156853	.079722703	4.4881573
8210	45	24	3134	3296	1739	398	.13816209	.12699425	.12075242	.27544528	1.9936386
8970	13	14	538	1036	656	127	.20446096	.23605949	.12258688	1.4285715	6.9870129
7502	22	19	1073	2441	881	-33	-.046598323	-.030754892	-.01351905	-.51546389	11.061855
9214	29	140	14645	23263	6853	1507	.1041311	.10290202	.06478098	.20799236	1.9974086
8429	4	22	1354	2235	755	127	.082717873	.093796156	.056823265	.88188976	10.661417
9670	23	21	932	1539	925	99	.07188841	.10622317	.064327486	.84810126	11.797468
8331	11	60	21518	24635	5543	1041	.010549308	.048378102	.042256951	.080183677	7.6008477
7739	35	86	5929	19352	3287	625	.10693203	.10541406	.032296404	.62648219	5.8586955
7750	20	15	2193	2932	576	127	.036935706	.057911538	.043315142	.75	20.305555
7688	50	60	5561	7016	3024	199	.029850746	.03578493	.02836374	.07474111	2.5038271
8337	9	11	1303	1464	595	56	.019186493	.042977743	.038251366	.29761904	15.511905
7197	25	201	39606	60535	16504	1540	.041382618	.038882997	.025439829	.13037944	3.1505847
9616	64	222	87827	103997	17591	4610	.0281804	.052489553	.044328202	.14166333	5.0270162
8322	12	13	394	622	305	-95	-.30964467	-.24111675	-.15273312	1.2577319	-4.0618558
7249	10	18	1492	2062	971	123	.054289546	.082439676	.059650823	.1937799	3.5693779
8974	28	15	4489	6047	1347	587	.14635776	.1307641	.097072929	.39530686	2.7009628
7545	74	55	24330	17126	3039	355	.002055076	.01459104	.020728717	.0057770074	2.8110919
7205	20	65	13017	16089	7333	3123	.23661366	.23991702	.19410777	.50016236	2.1138356
7729	5	20	10223	18776	1898	687	.048126772	.067201406	.036589261	1.3781513	28.635855
7470	31	16	4811	3368	1633	649	.1353149	.13489918	.19269596	.17113565	1.2647214
8174	40	21	19080	15393	1839	610	.011320755	.03197065	.039628401	.062790699	5.5465117
8227	60	35	7054	7103	2125	-119	-.032180324	-.016869862	-.016753484	-.075265251	2.3388593
7426	62	63	6546	6888	2738	154	.0076382523	.023525817	.022357723	.026553372	3.4763675
7221	28	23	5316	11266	1716	598	.071482316	.11249059	.053080063	.3685742	5.1561589
8182	46	21	3110	5133	971	41	-.04340836	.01318328	.0079875318	-.16749379	3.8585608
8302	17	43	4783	3897	1767	75	.020698307	.015680535	.019245574	.027989822	1.352276
7181	33	38	4397	3507	2380	752	.15624289	.17102569	.21442829	.34732053	2.2229524
7434	46	17	728	1075	677	-20	-.03021978	-.027472528	-.018604651	-.089795917	2.9714286
7440	44	25	8114	3975	1453	305	.012694109	.037589353	.076729558	.023936788	1.8856611
8291	20	81	15113	17065	4707	391	.033613447	.025871767	.022912394	.068519019	2.0384407
8173	42	15	6279	6907	1907	216	.0022296545	.034400381	.031272624	.020467836	9.1798248
7487	27	44	9459	7424	2004	-33	-.0053916904	-.0034887409	-.0044450429	-.0097907465	1.8158956
8293	19	11	1268	1901	705	71	.055205047	.055993691	.037348762	.094212651	1.7065949
9673	29	30	2355	2749	1000	39	.0084925694	.01656051	.014186977	.031496063	3.7086613
7998	82	82	36083	38414	7645	2728	.05767259	.07560347	.071015775	.16327971	2.8311496
7539	35	110	23602	27005	8614	3444	.12138802	.14591984	.12753195	.27392676	2.2566211
7506	21	42	37340	73133	3119	1507	.010471344	.040358864	.020606292	.1412062	13.485013
8014	20	20	3123	3696	852	242	.058917709	.077489592	.065476194	.11682539	1.9828571
7505	29	107	25042	20042	9478	1828	.029909752	.072997361	.091208465	.19464657	6.5077963
8018	58	46	7657	7444	772	-1091	-.16899569	-.14248399	-.14656098	-.9642325	5.7056632
7499	10	15	727	1546	671	74	.10729023	.10178817	.047865458	.29213482	2.7228465
7179	79	19	4533	3600	765	60	-.02183984	.013236267	.016666668	-.062225014	2.8491514
9217	24	12	4922	5596	753	350	.06562373	.071109302	.062544674	.13554344	2.0654638
7247	12	15	2871	5965	1514	680	.22884013	.23685127	.11399832	.5350163	2.3379478
7498	23	51	7251	6091	2747	332	.0086884564	.045786787	.054506648	.079545453	9.155303
9693	21	23	2374	2247	860	126	.01137321	.053074978	.056074765	.15976331	14.047338
8388	50	11	10706	8709	1144	214	.001494489	.019988792	.024572281	.0073800739	4.9381919
7201	24	20	1032	2077	563	49	.044573642	.04748062	.02359172	.10599078	2.3778801
9627	50	27	6402	8023	1554	629	.086847857	.098250546	.078399599	.1616749	1.8615876
8157	49	17	1084	1130	566	42	-.013837638	.038745388	.037168141	-.375	27.1
8166	46	45	17548	16708	3923	521	.04011853	.029689994	.031182667	.060694888	1.512889
8021	29	14	502	1387	511	56	.087649405	.11155379	.040374909	2.0952382	23.904762
8965	48	45	4129	2643	1339	-34	-.038265925	-.0082344394	-.01286417	-.11237554	2.9366999
7437	45	44	10193	8498	2227	398	.048660845	.039046403	.046834551	.067917295	1.3957278
7166	58	30	14073	8030	1895	341	.0098060118	.024230797	.042465754	.027655311	2.8202405
8053	22	36	4671	10338	2096	810	.17276815	.1734104	.078351714	.29196817	1.6899421
8253	25	40	6850	7655	2156	178	-.001459854	.025985401	.023252776	-.023041476	15.78341
8192	33	84	319742	104509	38856	8350	.016325662	.026114805	.079897426	.085436516	5.2332644
8172	41	14	5592	8993	983	366	.040593706	.065450646	.04069832	.23719957	5.8432603
8319	15	11	762	958	513	66	.044619422	.086614177	.068893529	1.2592592	28.222221
8303	81	350	187683	258220	47544	14472	.074481972	.077108741	.056045234	.18282045	2.4545598
7220	18	97	649	1456	1216	79	.11402157	.12172573	.054258242	.354067	3.1052632
8294	30	37	3908	6359	2050	343	.068833165	.087768681	.053939298	.31206498	4.5336428
8219	29	37	18618	10117	1164	-135	.074981198	-.0072510475	-.013343876	.097930551	1.3060681
7182	39	52	16935	10157	3165	301	.023737822	.017773841	.029634735	.031354807	1.3208798
8357	10	20	4497	3454	1076	455	.082499444	.10117856	.13173133	.10731848	1.3008388
8181	36	18	1261	2289	456	38	-.0039651073	.030134814	.016601136	-.060240965	15.192771
7751	23	25	3531	4616	1591	398	.11866327	.11271594	.086221837	.32836992	2.7672415
7446	40	38	4723	5137	1648	332	.07347025	.070294306	.06462916	.14905499	2.02878
9635	44	25	4373	6295	1330	210	.020580838	.048021954	.033359811	.099228226	4.8213892
8392	35	55	8623	9170	2906	908	.097529858	.10529978	.099018537	.28880495	2.961195
7218	33	12	2396	2839	433	76	.001669449	.031719532	.02676999	2	1198
8273	22	38	7470	13823	1565	370	.041499332	.04953146	.026766982	.37037036	8.9247313
8420	9	28	2496	3647	1621	415	.1630609	.16626602	.11379216	.47052023	2.8855491
9655	29	46	9403	7808	2540	307	.00042539614	.032649156	.039318647	.0023837902	5.6036949
8270	26	34	12674	9585	2342	-178	-.015859239	-.014044501	-.018570684	-.024396164	1.5382935
8228	29	14	1214	1078	421	41	.014827018	.033772651	.038033396	.037578288	2.5344467
8132	77	28	6412	4325	1361	261	-.0063942606	.040704928	.060346819	-.020950435	3.2764435
7480	40	270	29822	24986	8662	945	.024512105	.031688016	.037821181	.082664251	3.372385
7734	73	35	9445	9154	2890	1239	.129063	.13118052	.13535066	.23596594	1.8283005
8333	46	163	67210	60442	29331	17749	.2932004	.26408273	.29365343	.53213435	1.8149168
7215	30	19	12241	3463	1074	219	.0070255697	.017890695	.063239962	.011708645	1.6665759
9641	51	30	5855	10907	3136	940	.16122971	.16054654	.086183183	.34654918	2.1494126
8403	23	16	3248	3139	545	88	-.0061576352	.027093597	.028034406	-.027100271	4.4010839
7237	14	32	5213	8933	1807	95	.010550546	.018223671	.010634725	.12168141	11.533186
9706	3	38	14979	12416	2392	788	.0074103745	.052606981	.063466497	.022820724	3.0795641
9669	23	273	203672	182734	56083	17745	.074153543	.087125376	.097108364	.27173445	3.6644835
8382	4	180	42016	46008	10275	-451	-.056264281	-.010734006	-.0098026432	-.58154982	10.33604
7704	29	16	3361	2306	776	80	.02409997	.023802441	.034692109	.038700432	1.605829
7673	61	35	7626	6795	1993	7	.0036716496	.0009179124	.0010301692	.25225225	68.702705
7726	6	17	807	1735	875	84	.084262699	.10408922	.048414987	.29955947	3.5550661
9625	53	44	8253	4644	1508	336	.030776687	.040712468	.072351418	.05520539	1.7937405
8225	69	100	70285	44530	18132	5465	.10283844	.077754855	.12272625	.20146611	1.9590546
8350	8	14	952	1894	560	-7	-.0084033618	-.0073529412	-.0036958817	-.027972028	3.3286712
7234	15	30	5344	7805	821	198	.013847305	.037050899	.025368353	.14741036	10.645418
8229	32	22	11580	14475	1883	931	.079447322	.080397233	.064317793	.10764011	1.3548614
8344	48	32	9012	14469	2137	315	.014869063	.034953397	.021770682	.22112212	14.871287
7682	35	30	1676	2638	1052	98	.039976135	.058472555	.037149355	16.75	419
7451	39	22	3903	3714	608	-134	-.036638483	-.034332566	-.036079697	-.13606089	3.7136061
7186	39	80	18420	22298	5204	1328	.039467968	.072095551	.059556913	.13932541	3.5300882
7509	21	22	3083	4284	983	95	.022380797	.030814143	.022175537	.1	4.4681158
7184	31	27	3247	3316	878	108	-.0070834616	.03326147	.03256936	-.38333333	54.116665
8211	30	30	15919	19380	4179	1169	.070670269	.073434263	.060319919	.099778272	1.4118847
7731	109	54	21988	22787	2777	389	.0038657449	.017691469	.017071137	.039406583	10.193788
8335	55	12	2003	1244	554	48	.01347978	.023964053	.038585208	.14438502	10.71123
7448	86	29	11658	7571	1245	-156	-.021444501	-.013381369	-.02060494	-.068008706	3.171382
8264	36	10	4239	2508	475	70	.020759612	.016513329	.027910685	.030323915	1.4607167
7691	30	39	3199	5486	1997	223	.059393559	.069709286	.040648926	.25265959	4.2539892
7160	53	14	1425	1439	478	-12	-.039298244	-.0084210522	-.0083391247	-.18983051	4.8305087
9636	57	34	11241	7237	5613	3753	.33493462	.3338671	.51858503	.41884527	1.2505285
8410	18	40	6427	9400	2528	901	.13209896	.14018983	.095851064	.25758496	1.9499394
8364	5	32	7433	10505	1522	278	.01479887	.037400782	.026463589	.12910798	8.7241783
7252	9	19	1504	2703	782	232	.14029256	.15425532	.085830562	.81782943	5.8294573
8394	32	32	4686	3363	998	23	-.025181392	.0049082371	.0068391319	-1.2967033	51.494507
7432	42	15	3641	6387	787	128	.031859379	.035155177	.020040708	.3421829	10.740413
7248	23	147	14527	23357	3648	-195	-.030632615	-.013423281	-.0083486745	-.16875237	5.5089116
8212	29	45	4210	7054	2809	689	.13539192	.16365796	.097675078	.55125725	4.0715666
7718	14	19	2263	3934	887	45	.013256739	.019885108	.011438739	.17142858	12.931429
7167	49	15	4368	4804	815	106	.013965202	.0242674	.022064947	.028266914	2.0240965
7738	36	154	33923	33280	7356	980	.0087256432	.028888954	.029447116	.021527274	2.4671273
7190	29	150	100680	94906	12644	3482	.033373062	.034584824	.036688935	.086976781	2.6061971
8252	24	37	7444	8893	2250	398	.020284792	.053465877	.0447543	.11021898	5.4335766
7715	47	12	1620	3123	802	115	.04074074	.070987657	.036823567	.56896549	13.965517
8154	53	45	4839	6754	1754	414	.089894608	.085554868	.061297011	.25246662	2.8084736
9642	37	271	131305	193608	38681	4812	.024523057	.036647499	.024854345	.038023263	1.5505108
8277	22	15	2322	3014	788	55	.029285099	.023686478	.018248174	.043506078	1.4856046
9678	36	45	15641	16485	2900	608	.010037721	.038872194	.036882013	.043298401	4.3135686
8006	37	11	896	1153	485	68	.078125	.075892858	.058976583	.14553015	1.8627858
8003	36	32	8055	7122	752	-191	-.056238361	-.023711979	-.026818309	-.40088496	7.1283188
7253	9	27	3771	2983	911	162	.0084858127	.042959426	.054307744	.16080402	18.949749
8349	46	46	35536	45495	16664	6806	.19059545	.19152409	.14959885	.46794251	2.4551611
8137	98	18	2478	2535	720	0	-.027845036	0	0	-.095172413	3.4179311
9692	14	15	1906	1444	650	102	.037250787	.053515214	.070637122	.10128388	2.7189729
8962	38	23	5761	6053	919	102	-.027078632	.01770526	.016851148	-.11111111	4.1032763
8373	28	19	4080	3769	1110	324	.051715687	.079411767	.085964449	.23263507	4.4983463
7428	59	28	11923	7285	1633	356	.0030193743	.029858258	.048867535	.010807565	3.5794055
7538	34	30	3377	3481	1698	92	.012140954	.027243115	.026429188	.054666668	4.5026665
7745	25	38	2385	2543	1072	225	.095178194	.094339624	.088478178	.18713932	1.9661995
7678	42	21	4039	2903	1056	62	-.0079227528	.015350334	.021357216	-.019900497	2.511816
8158	51	55	8136	8453	1774	181	.0031956735	.022246804	.021412516	.015081206	4.7192574
7217	18	12	1337	1732	523	83	.04487659	.062079281	.047921479	.11385199	2.5370018
9660	17	32	4014	4311	1597	204	.012705531	.050822124	.047320805	.057367828	4.5151858
7500	13	86	42301	56786	9660	2962	.064679325	.070021987	.052160744	.13482481	2.084512
7686	31	29	5413	3242	1274	341	.035100684	.062996492	.10518198	.98958331	28.192709
9675	20	20	1827	2127	820	30	.016420361	.016420361	.014104372	.038860105	2.3665802
7478	29	22	2479	2068	900	114	.023799919	.045986284	.055125725	.05767351	2.423265
8141	64	28	2853	3697	1235	11	.00035050823	.0038555907	.0029753854	.0006329114	1.8056962
8352	8	19	5147	6109	1725	539	.048183408	.1047212	.088230483	.63917524	13.265464
7697	76	47	14910	10663	3076	754	.062038898	.050570086	.070711806	.091930032	1.4818127
8379	9	50	37783	40040	10513	3359	.072387055	.088902414	.083891109	.16155709	2.2318506
7435	46	19	1269	2092	499	43	.016548464	.03388495	.020554494	.26923078	16.26923
7722	56	18	2751	3428	2391	469	.12686296	.17048346	.13681448	.47162163	3.7175677
7698	28	27	17822	14269	2189	125	-.020648636	.0070138033	.0087602492	-.098264351	4.7588787
7689	30	24	2875	2518	1042	-147	-.061913043	-.051130436	-.058379665	-.10247553	1.6551526
7503	26	50	12814	13871	3346	390	.020290308	.030435462	.028116213	.048023641	2.3668268
7735	42	24	1687	2448	912	91	.052756373	.053941909	.037173204	.12879884	2.4413893
8239	27	50	5763	19382	2953	411	.035745271	.071317025	.021205243	.38432837	10.751865
9213	29	14	848	1278	775	294	.32075471	.34669811	.23004694	.98550725	3.0724638
9621	55	12	1311	1171	624	49	.0061022122	.03737605	.041844577	.02431611	3.9848025
8025	33	30	3720	8036	1298	517	.12795699	.1389785	.064335488	.40202704	3.141892
8320	14	15	2994	6048	1008	263	.076152302	.087842353	.043485451	.34131736	4.4820361
8205	31	37	9622	6974	1368	-978	-.09966743	-.10164207	-.14023516	-.1933078	1.9395283
7168	40	23	2081	2140	761	9	-.056703508	.0043248436	.0042056073	1.4216868	-25.072289
9617	61	15	5004	2612	800	105	.0037969623	.020983214	.040199082	.015472312	4.0749187
7453	39	11	2831	990	362	44	-.0031790887	.015542211	.044444446	-.0090725804	2.8538306
8256	44	20	3475	3840	874	72	.01294964	.020719424	.018750001	.044378698	3.4270217
8209	30	38	3697	4093	1488	320	.020286718	.086556666	.078182265	.25773194	12.704468
7171	35	23	16324	18299	2178	602	.027076697	.036878217	.032897972	.29155672	10.76781
7226	39	34	3642	5817	1363	263	.060406372	.072213069	.04521231	.25611177	4.2398138
7191	28	29	4671	3916	1313	447	.083065726	.095696852	.11414709	.20271683	2.440439
8187	35	248	62570	86310	23222	13219	.20907784	.21126738	.15315722	.43936187	2.1014273
8406	21	33	2571	3858	862	118	.014002333	.045896538	.030585796	.43373495	30.975904
8023	25	53	18359	13017	2666	477	-.008442726	.025981808	.036644388	-.02375843	2.8140712
8155	53	33	5019	8294	2388	519	.097629011	.10340706	.062575355	.31410256	3.2173078
8959	49	25	3181	3534	946	43	-.01729016	.013517762	.012167515	-.10242086	5.9236498
7477	54	25	4904	3765	1497	392	.068923324	.079934746	.10411686	.28260869	4.1003346
9659	28	18	4436	1791	631	-75	-.02141569	-.016907124	-.041876048	-.046432063	2.168133
7208	23	30	5565	6459	1400	376	.020844564	.067565136	.058213346	.48945147	23.481012
7492	39	500	180339	197748	46641	2873	.0057890974	.015931107	.014528592	.012769705	2.2058198
8191	34	18	4705	2934	1036	379	.08289054	.0805526	.12917519	.11255411	1.3578644
8147	58	11	1263	496	405	71	.024544735	.056215361	.14314516	.22463769	9.152174
8011	23	35	3818	6965	1724	165	.039549503	.043216344	.023689877	.12635984	3.1949792
8195	60	14	2208	1802	430	61	.034873188	.027626812	.033851277	.0990991	2.8416989
8230	29	60	8371	9822	3037	31	-.02628121	.0037032613	.00315618	-.21505377	8.1827955
7733	40	82	18526	17143	5948	1573	.081669003	.084907696	.091757566	.13760801	1.6849477
8289	20	70	7803	17105	3089	607	.071126491	.077790596	.035486698	.21945433	3.0854092
7523	13	17	5654	2183	324	-788	-.19101521	-.13937035	-.36097115	1.6564417	-8.6717787
8171	39	420	67342	52535	19600	-3178	-.056339283	-.047191944	-.060493004	-.10601615	1.8817447
7488	30	140	53656	33791	22394	2063	.18607426	.038448635	.06105176	.375	2.0153246
8001	41	15	2191	2051	718	78	.018256504	.035600182	.03803023	.041152265	2.2541153
9690	43	38	6404	4649	1299	-161	-.050905682	-.025140537	-.034631103	-.14798003	2.906945
7242	13	20	1518	3754	852	91	.043478262	.059947301	.02424081	.54545456	12.545455
9620	131	20	2442	2708	929	200	.031122031	.081900083	.073855244	.12730318	4.0904522
9632	43	33	9187	4965	1079	-298	-.045716774	-.032437138	-.060020141	-.075147614	1.6437645
8251	107	470	320603	444105	70385	31219	.083424047	.097375885	.070296437	.19108243	2.2904959
7676	46	31	2156	4036	1565	158	.058905382	.073283859	.039147671	.41503268	7.0457516
7680	39	11	4205	1927	379	-275	-.082520805	-.065398335	-.14270887	-.40823528	4.9470587
8297	18	27	2084	3797	1262	-60	-.073896356	-.028790787	-.015801949	-1.4807693	20.038462
8005	39	19	1632	1975	876	35	.029411765	.021446079	.017721519	.056603774	1.9245284
8275	72	15	12683	4955	2679	1987	.15012221	.1566664	.40100908	.17590539	1.1717479
8220	88	500	184331	114495	41762	741	.0026582615	.0040199426	.0064718984	.0044693351	1.6812999
7701	21	41	9421	9623	2677	447	.042776775	.047447193	.046451211	.076601408	1.7907242
8306	17	20	1629	1721	1036	81	.049723756	.049723756	.04706566	.088913284	1.7881449
8140	70	66	12563	11493	2309	-904	-.088434294	-.071957335	-.078656577	-1111	12563
9691	14	14	1161	1338	552	68	.022394488	.058570199	.050822124	.30952382	13.821428
7483	28	22	4809	4306	1275	252	.031399459	.052401748	.058522992	.085118376	2.7108231
7677	42	44	12464	8147	2282	327	.0030487804	.026235558	.040137473	.0064286925	2.1086111
8276	28	11	1141	1801	459	110	.096406661	.096406661	.061077178	.2	2.0745454
7485	22	14	4695	1434	3234	-90	-.024920128	-.019169329	-.062761508	-.057834897	2.3208108
8295	74	400	20441	44376	6185	1686	.075534463	.082481287	.037993509	.15053135	1.992883
8332	11	17	365	732	202	-57	-.20273973	-.15616438	-.077868849	-1.5102041	7.4489794
8204	31	26	3434	6177	1159	91	.022714036	.026499709	.01473207	.058035713	2.5550594
9696	23	18	2058	1954	555	16	.022837706	.0077745384	.0081883315	.028994448	1.2695867
7692	30	20	2744	3141	1038	96	.011661808	.034985423	.030563515	.061068702	5.2366414
7173	60	43	9063	12961	2937	712	.04722498	.078561179	.054934032	.22912206	4.8517132
7198	30	500	18315	8327	4989	151	-.0080262078	.0082446085	.018133782	-.027846184	3.4694071
7747	23	18	3070	2009	1375	80	-.00065146579	.026058631	.039820805	-.0052493438	8.0577431
8411	31	19	2897	3982	1253	470	.17638937	.16223679	.11803114	.35910049	2.0358398
9677	20	22	1604	1320	556	22	.014962593	.01371571	.016666668	.035820894	2.3940299
7185	29	31	4325	5588	1708	163	.023121387	.03768786	.029169649	.18248175	7.8923359
9680	8	22	4097	5379	1019	206	.0141567	.050280694	.03829708	.10157618	7.1751313
7195	62	16	3501	2183	764	73	-.01599543	.020851186	.033440221	-.061742008	3.859978
8208	72	30	4038	7153	1673	139	.026498266	.034422982	.019432407	.10667996	4.0259223
7206	23	30	4437	6066	1545	234	.029975209	.052738335	.038575668	.28725702	9.5831537
9282	32	13	850	758	384	37	.012941176	.04352941	.048812665	.054455444	4.207921
9277	74	15	3665	2026	987	185	.043656208	.05047749	.09131293	.077034183	1.7645643
9299	5	34	2689	5158	1670	385	.10412793	.1431759	.074641332	.85106385	8.1732521
7564	5	15	1656	1954	569	57	.01147343	.034420289	.029170932	.13013698	11.342465
7552	154	28	18240	12406	2236	769	.0035635964	.042160086	.061986137	.050583657	14.194552
7553	29	18	10931	11051	935	146	.0058549079	.013356509	.013211474	.014269788	2.4372351
7560	11	11	963	1685	415	27	-.0083073732	.028037382	.016023738	-.31999999	38.52
9298	5	14	1338	946	535	76	.023916293	.056801196	.080338269	.46376812	19.391304
9281	63	48	17636	14891	4415	327	.13075528	.018541619	.021959573	.17183308	1.314158
9279	36	18	11452	6162	907	-42	-.029951101	-.0036674817	-.006815969	-.12373737	4.1313133
9293	26	16	2272	4424	847	190	.077024646	.083626762	.042947561	.22639069	2.939198
9276	48	105	44920	60610	7979	1575	.011175423	.035062332	.025985811	.046322782	4.1450586
7565	14	15	1299	1024	366	-146	-.12240185	-.11239415	-.14257813	53	-433
9292	14	21	1913	1500	1207	241	.1280711	.12598014	.16066666	.24573721	1.9187562
9284	28	20	16077	7776	1308	440	.011258319	.02736829	.056584362	.037334982	3.3162129
9280	29	14	3884	1617	555	-60	-.0082389293	-.015447992	-.03710575	-.011436741	1.3881344
9151	16	28	4564	3735	1556	14	-.015775636	.0030674846	.0037483266	-.078175895	4.955483
9823	22	30	5120	5674	1706	192	.0029296875	.037500001	.033838563	.010281014	3.509253
9845	16	11	774	877	336	12	.0051679588	.015503876	.01368301	.044444446	8.6000004
8681	15	36	12783	15811	2733	538	.014159431	.042087145	.034026943	.05928595	4.1870294
9863	10	12	3665	6404	981	293	.081582539	.07994543	.045752656	.14664051	1.7974497
9832	34	15	2262	2384	1519	574	.24049513	.25375775	.24077182	.42633229	1.7727273
9566	9	22	3876	5002	1715	1038	.26212591	.26780185	.207517	.39076924	1.4907693
9480	41	16	1895	3346	475	41	-.0089709759	.021635884	.012253437	-.48571429	54.142857
8689	9	11	1069	1484	396	45	.014967259	.042095415	.03032345	.66666669	44.541668
8652	33	18	1363	1557	492	82	.031548057	.060161408	.052665383	1.0487804	33.243904
9914	13	40	6810	8549	2815	675	.15565345	.099118941	.078956604	.25358853	1.6291866
9796	29	24	5450	8741	1689	249	.023669725	.045688074	.028486444	1.0932204	46.18644
8663	31	30	4179	5712	1676	528	.10768127	.12634602	.092436977	1.039261	9.6512699
9574	6	18	1421	1454	303	65	.016185785	.045742434	.044704266	1.5333333	94.73333
9756	9	36	4766	5278	2091	561	.11225346	.11770877	.10629026	.23641184	2.1060538
8646	32	47	37536	39111	4900	1258	.012974211	.033514492	.032164864	.12866579	9.9170408
9910	17	22	3452	4367	1126	260	.046929315	.075318657	.059537441	.28222996	6.0139375
7306	14	19	698	1242	399	-21	-.034383953	-.03008596	-.016908212	-.082474224	2.3986254
9912	17	32	5765	5808	1015	320	.0022549869	.055507373	.055096418	.042763159	18.963816
9872	6	30	13610	6449	3032	1612	.14474651	.11844232	.24996123	.18223867	1.2590194
7298	34	16	1373	2559	693	196	.14202477	.14275309	.076592416	.31150159	2.1932907
8650	31	45	12301	7303	1900	-28	-.008617186	-.0022762376	-.0038340408	-.037992831	4.4089603
9489	31	70	9049	14696	2589	280	.0081776995	.030942645	.019052804	.037678208	4.6074338
9915	12	50	5411	5507	1477	-115	-.046941414	-.021253003	-.020882513	-.46181819	9.8381815
9497	44	45	29564	21797	5030	626	.0095386282	.021174401	.028719548	.021464454	2.2502663
9809	23	25	3416	3212	1105	85	.013173302	.024882903	.026463263	.026331188	1.9988297
9534	18	19	4171	2391	793	-452	-.10381204	-.1083673	-.18904224	-.50881314	4.9012928
9491	17	25	2752	2939	758	17	-.023255814	.0061773257	.0057842806	-.23703703	10.192593
9908	21	24	2299	2709	1140	453	.17094389	.1970422	.16722038	.68947369	4.0333333
9762	60	25	3598	2866	1000	187	.014174541	.051973317	.065247729	.1281407	9.0402012
9857	128	33	4576	4408	1284	-354	-.088505246	-.077360138	-.080308527	-.42857143	4.8423281
9776	37	40	4438	6089	1956	492	.11559261	.11086075	.080801442	.2080292	1.7996756
9567	10	17	1789	1234	466	-80	-.065958634	-.044717718	-.064829819	-.75159234	11.394904
9495	29	46	16552	8722	3470	1608	.1041566	.097148381	.18436138	.27321711	2.623138
9883	97	30	17390	7834	1792	422	.0079930993	.02426682	.053867757	.021600621	2.7024088
9918	10	18	2546	2475	732	133	.027101336	.052238807	.053737372	.66346157	24.48077
9523	43	43	12056	8843	2526	246	.0063039153	.020404778	.027818613	.013240418	2.1003485
9753	12	16	1059	1183	560	125	.11992446	.11803588	.10566357	.82467532	6.8766232
9524	20	95	8264	12287	2632	290	.015367861	.035091966	.023602182	.16688567	10.859396
9741	21	15	4192	1220	608	114	-.0035782442	.027194656	.093442626	-.34090909	95.272728
9782	33	13	2768	826	475	117	.017702311	.042268787	.14164649	.04702495	2.65643
9797	29	49	5218	5289	2454	16	.010540437	.003066309	.0030251464	.016281823	1.544701
7305	16	13	1666	1372	622	71	.010204081	.042617045	.05174927	.039534885	3.8744185
9874	24	60	15621	8031	3596	731	.019524999	.046795979	.09102229	.040553119	2.0769844
7308	26	45	2572	3265	1887	26	-.0054432349	.010108865	.0079632467	-.12727273	23.381819
9824	54	120	119392	94341	27299	5483	.021659743	.045924351	.058118951	.062017363	2.8632548
9795	29	59	16809	28896	4392	929	.044678446	.055268012	.032149777	.15863962	3.5506971
9904	32	32	5052	5041	1237	-18	-.014845606	-.0035629454	-.0035707201	-.028058361	1.8900112
9865	10	12	4136	2569	907	104	-.0050773695	.025145067	.040482678	-.013100437	2.5801623
9475	99	57	30921	21456	2768	-242	-.049092848	-.0078263963	-.011278897	-.7270115	14.808908
9557	10	41	4196	3780	1324	208	.029313631	.049571019	.055026457	.3369863	11.495891
9871	3	15	1188	2482	465	46	.005050505	.038720537	.01853344	.5	99
9847	14	50	6536	7956	1834	155	-.00749694	.023714811	.019482153	-.09780439	13.045908
9496	29	27	2262	2775	830	-151	-.075596817	-.066755086	-.054414414	-.57575756	7.6161618
8684	13	26	4343	5870	1362	186	.010361501	.042827539	.031686541	.043269232	4.1759615
9538	16	40	1611	5131	1159	147	.061452515	.09124767	.028649386	.792	12.888
9802	28	30	18898	7538	3192	941	.022700815	.049793627	.12483417	.064705886	2.8503771
9822	22	45	3371	7592	2628	672	.18154851	.19934738	.088514224	1.0065789	5.5444078
9895	27	28	8405	8451	1765	1026	.11814396	.12207019	.12140575	.23898917	2.0228641
9815	24	18	1569	2160	770	71	-.047801148	.045251753	.032870371	-.36764705	7.6911764
9514	29	21	903	2253	595	30	.027685493	.03322259	.013315579	.67567569	24.405405
9569	30	14	1339	2873	509	42	.040328603	.031366691	.014618865	.34177214	8.4746838
9867	7	500	1178779	2107022	326838	126469	.089219436	.10728814	.06002263	.18449745	2.0679064
8695	9	11	1271	1315	327	-31	-.080251768	-.024390243	-.023574144	1.2289157	-15.313253
8685	16	51	16468	32206	3837	679	.051736701	.041231479	.021083027	.80758291	15.609479
9886	39	365	40325	55051	17042	723	.014358339	.017929325	.013133276	.036848471	2.5663464
9549	14	20	1722	4251	860	134	.066202089	.077816494	.031521995	.26573426	4.0139861
9859	40	25	13530	7249	1109	775	-.01751663	.05728012	.1069113	-.022590792	1.2896769
8667	22	43	6790	8365	1381	-443	-.089396171	-.065243006	-.052958757	75.875	-848.75
9734	27	80	5853	9721	2398	174	.028532377	.029728344	.017899392	.068667762	2.4066613
8638	36	29	6988	5889	1954	652	.089295939	.093302801	.11071489	.1437788	1.6101383
9736	27	31	6304	13078	1131	136	-.0033312184	.021573603	.010399143	-.017269736	5.1842103
9749	17	43	9435	4221	1690	323	.010492845	.034234233	.076522149	.034651734	3.3024151
9781	35	13	1853	1456	523	88	.043173231	.047490556	.060439561	.077369437	1.7920697
7299	36	21	2058	1437	723	82	.023809524	.039844509	.057063326	.043985639	1.8473967
8679	59	30	4521	4816	964	-27	-.01083831	-.0059721302	-.0056063123	-.034122564	3.1483288
7290	71	13	2800	2014	764	240	.079642855	.085714288	.11916584	.57033247	7.1611252
8658	30	95	11218	18631	3851	268	.0020502764	.023890177	.014384627	.053738318	26.210279
9501	31	15	7697	13755	1093	496	.047940757	.06444069	.036059614	.27702704	5.7785287
8673	19	13	3487	1385	614	64	.00028677945	.018353885	.046209387	.00079113926	2.7587025
9786	41	20	2032	1436	641	-166	-.15944882	-.081692912	-.11559889	-2.1891892	13.72973
9830	20	18	999	1693	823	180	.17717718	.18018018	.10632014	.37106919	2.0943396
9785	29	18	2641	3508	859	230	.073078379	.087088227	.065564424	.69175625	9.46595
9894	35	20	3892	3136	916	86	.004881809	.022096608	.027423469	.011721159	2.4009871
9810	25	25	1498	3295	1325	204	.15554072	.13618158	.061911989	.41981983	2.6990991
8665	61	102	3594	4611	2065	-237	-.072342791	-.065943241	-.051398829	-.36161336	4.9986091
9897	25	15	3472	4046	1731	1023	.3001152	.29464287	.25284231	1.0709147	3.5683453
9777	36	17	2455	3367	1449	749	.2623218	.30509165	.22245322	1.1794872	4.4963369
9476	47	47	15115	15777	2772	325	-.0043003638	.021501819	.020599607	-.015911873	3.7001224
9858	39	479	143181	107272	33600	5051	.0075708367	.035277028	.047085911	.03469466	4.5826716
8634	43	42	8118	6484	1635	225	.016383346	.027716186	.034700803	.024962462	1.5236486
9150	20	18	3436	4285	1450	782	.21915017	.22759022	.18249708	.71646053	3.2692673
9896	25	35	3152	4301	1669	148	.048540611	.046954315	.034410603	.18433735	3.7975903
9547	14	32	5097	8063	1978	195	.018246027	.0382578	.024184547	.53448278	29.293104
9746	0	15	800	1174	595	40	.0125	.050000001	.03407155	.5	40
8637	37	44	6537	4532	1415	-160	-.058589566	-.024476059	-.035304502	-.18574199	3.170223
9808	17	27	3504	3087	927	178	.0028538813	.050799087	.057661161	.018621974	6.5251398
9739	23	33	2591	6220	1198	-231	-.091856427	-.089154765	-.037138265	-.39932886	4.3473153
8651	31	18	3165	5331	956	308	.043601897	.097314373	.057775278	.44805196	10.275974
9744	26	14	1583	2161	328	65	.010739103	.041061275	.030078668	.11258278	10.483443
9481	47	25	1818	1840	728	107	.024202419	.058855884	.058152173	.295302	12.201343
9482	35	84	13158	23333	4551	220	-.0098799206	.016719867	.009428706	-.15476191	15.664286
9535	17	26	2338	2856	910	95	.036355861	.040633019	.033263307	.062730625	1.7254612
9520	48	47	6166	9385	3399	1482	.2507298	.24035031	.15791155	1.0327321	4.1189046
7296	34	21	4152	4217	1601	711	.16377649	.17124277	.16860327	.28776979	1.7570884
9544	15	38	6039	8331	1537	303	.026328862	.050173871	.036370184	.085529856	3.2485206
9791	36	18	2453	3851	749	129	.018752547	.052588668	.033497792	.21004567	11.200913
9513	22	15	1418	1392	562	276	.21720733	.19464034	.19827586	.38451934	1.7702872
9819	28	13	1400	1941	406	96	.015714286	.068571426	.04945904	1.1	70
8664	24	370	118788	123509	25342	-1666	-.054155301	-.014024986	-.013488895	-.26103717	4.820159
9516	21	25	7197	6041	1675	551	.080033347	.076559678	.091210067	.16475973	2.0586383
9146	32	50	20345	34182	5521	2132	.088031456	.10479233	.06237201	.69988275	7.9503713
8632	46	34	5123	6136	1898	438	.037673239	.085496776	.071382008	.27106741	7.1952248
9880	4	18	2028	3180	639	68	.0147929	.033530571	.021383647	1.875	126.75
8694	46	38	21844	25129	3748	1074	.045138255	.049166821	.042739466	.11338546	2.5119596
9876	4	15	3132	3370	882	97	.0051085567	.030970626	.028783383	.032989692	6.4577317
9568	27	14	9785	7524	1274	93	.027184466	.0095043434	.012360446	.062004663	2.2808857
9837	19	33	5271	4354	2117	-151	-.0679188	-.028647315	-.034680754	-3.1130435	45.834782
9493	30	55	13815	9727	3564	679	.044299673	.049149476	.069805697	.076816872	1.7340279
9537	17	16	3246	1674	513	-262	-.10073937	-.080714725	-.15651135	-.26650366	2.6454768
9792	29	22	2767	4579	744	128	.00036140223	.046259485	.027953701	.0032894737	9.1019735
9818	33	33	9890	6337	1728	444	.021739131	.044893831	.070064701	.054169815	2.4918115
8661	20	12	1052	800	413	24	.0085551329	.022813689	.029999999	.037500001	4.3833332
9794	29	20	5195	3956	998	169	-.007122233	.03253128	.042719919	-.059485532	8.3520899
9551	14	45	365	9058	1314	214	.34246576	.58630139	.023625525	1.2376238	3.6138613
9839	31	26	9602	8011	2336	1223	.12820245	.1273693	.15266508	.24260938	1.8923926
9530	19	13	1728	2025	600	-52	-.054976851	-.030092593	-.025679013	-.52486187	9.5469618
9843	13	19	1983	1458	674	66	.014624307	.033282906	.045267489	.035151515	2.4036365
9573	38	11	1223	1290	478	60	.053965658	.049059689	.046511628	.21428572	3.9707792
8645	32	36	3135	3223	1547	345	.12408294	.11004785	.10704312	.18783197	1.5137615
9829	21	22	2204	2665	1118	112	-.0013611615	.050816696	.042026266	-.028301887	20.792454
9913	16	18	6845	17754	583	-98	-.039737035	-.01431702	-.0055198828	-.38912731	9.7925606
9521	21	35	4383	5002	2177	420	.10654803	.095824778	.083966412	.19466445	1.8270112
9490	32	30	7828	11881	1349	-405	-.072176799	-.051737353	-.034088038	-.3202948	4.4376416
9488	31	17	1128	1119	248	-254	-.25531915	-.2251773	-.22698838	-5.0526314	19.789474
9760	88	15	4091	4845	712	3	-.0021999511	.00073331705	.00061919505	-.018442623	8.3831968
9856	51	39	3181	4391	1830	254	.083935872	.079849102	.057845592	.1587396	1.8912009
9840	17	18	2136	3972	564	78	.031835206	.036516853	.019637462	.64150941	20.150944
9772	39	30	6608	6688	1658	359	.0093825664	.054328088	.053678229	.10954063	11.674911
9816	39	13	1723	1608	497	43	.0046430645	.02495647	.026741294	.01174743	2.5301027
9154	19	16	731	1024	339	37	.020519836	.050615594	.036132813	.3488372	17
9526	20	24	3899	4231	1876	789	.20389843	.20235957	.18648073	.28982866	1.4214364
9850	36	28	5881	6693	942	41	-.0095221903	.0069716033	.0061258031	-.08472012	8.8971252
9748	19	26	1558	2306	1183	127	.025673941	.081514761	.055073719	1.6	62.32
9825	21	50	2791	2265	1386	41	-.0032246506	.014690075	.018101545	-.0094736842	2.9378948
9842	16	52	3072	1379	872	82	.024414063	.026692709	.059463378	.02952756	1.2094488
9779	35	30	6683	8387	2283	777	.11955708	.11626515	.09264338	.25992194	2.1740403
7307	17	23	2175	2076	910	151	-.0022988506	.069425285	.072736032	-.010989011	4.7802196
8659	25	11	1144	2516	651	50	.046328671	.043706294	.019872814	.11622807	2.5087719
9834	64	500	243362	178727	95130	42601	.15897305	.17505199	.23835795	.2529206	1.5909653
9155	3	15	758	1490	485	61	.017150396	.080474935	.040939596	.1884058	10.985507
9575	6	30	11366	7870	1612	541	.044430759	.047598101	.068742059	.7072829	15.918768
8800	15	42	3773	5679	1627	160	.022263451	.042406574	.028173974	.090810813	4.0789189
8777	45	40	7629	4605	2013	-84	-.0051120725	-.011010617	-.018241042	-.012536162	2.4522662
9585	84	11	1179	1140	386	7	-.01865988	.005937235	.0061403508	-.15172414	8.1310349
8779	43	46	7656	7172	2172	266	.018416928	.034743991	.037088677	.068646543	3.7273612
9600	19	18	1268	1828	568	85	.036277603	.067034699	.046498906	.76666665	21.133333
9596	21	25	9461	14605	3697	2052	.22407779	.21689039	.14049983	.33817196	1.5091721
8806	10	13	949	678	310	28	-.029504742	.029504742	.041297935	-.82352942	27.911764
9607	11	10	3502	714	442	87	.0017133066	.024842948	.12184874	.0046985121	2.7423649
8786	32	10	2215	1708	747	238	.10383748	.10744921	.13934426	.17306246	1.6666666
9580	47	500	3985787	2623855	589738	201893	.051175088	.050653234	.076945178	.28752485	5.6184535
9594	40	10	625	458	165	12	-.016000001	.019200001	.026200874	-.16666667	10.416667
8791	28	14	1635	1819	824	344	.21162079	.21039756	.1891149	.31031391	1.4663677
9602	16	20	2055	4863	676	118	.031143552	.057420924	.024264857	.10738255	3.4479866
8776	46	291	274138	246394	70952	41050	.13363342	.1497421	.16660309	.36886302	2.7602601
9590	25	40	9327	12196	2734	391	.009756621	.041921303	.032059692	.085205995	8.7331457
7981	44	23	3583	1488	435	-416	-.14903712	-.11610382	-.27956989	-.37083334	2.4881945
8784	33	54	14716	5052	1800	-239	-.030171242	-.016240826	-.047307998	-.073424838	2.4336035
9465	30	39	7324	6811	2650	728	.09393774	.099399239	.10688592	.18038805	1.9202937
9583	34	15	8802	6173	849	269	.030674847	.030561237	.043576866	.039875943	1.2999557
9609	12	52	5033	7129	1566	78	.0031790184	.015497715	.010941226	.013547841	4.2616425
9470	6	53	4136	4546	3836	-435	-.12911025	-.10517408	-.095688514	-1.29927	10.06326
9599	19	20	2029	2793	468	-203	-.098570727	-.10004929	-.072681703	-.30487806	3.0929878
9588	31	23	2177	2629	1138	268	.10151584	.12310519	.1019399	.38037866	3.7469881
8788	30	120	22143	25808	6821	1244	.026961116	.056180283	.048202109	.11076067	4.1081634
7980	31	88	28668	13658	3587	-1247	-.061148319	-.043497976	-.091301799	-.17363313	2.8395405
8816	30	30	925	419	131	-34	-.075675674	-.036756758	-.081145585	-.24475524	3.2342658
8796	23	16	3739	2781	980	232	.032361593	.062048677	.083423227	.11276794	3.4846225
9598	20	32	14559	13611	2482	831	.043134831	.057078097	.061053559	.16320166	3.7835238
8811	45	152	28303	39917	5697	-91	-.016782673	-.0032152068	-.0022797305	-.056166489	3.3466949
8814	38	500	105314	171587	28168	301	-.0244317	.0028581196	.0017542122	-.16762215	6.860847
8778	39	49	6126	7608	1507	64	-.0045706825	.010447274	.0084121972	-.012849932	2.8113813
7978	6	18	3913	3016	795	164	.0043444927	.041911576	.054376658	.014808362	3.4085367
7975	10	46	11358	10158	2291	184	.00035217468	.016200036	.018113801	.00079176563	2.2482185
7956	34	18	7119	5226	2663	885	.1517067	.12431521	.16934557	.21924482	1.4451888
9224	15	18	1679	1998	704	112	.051220965	.066706374	.056056056	.19545455	3.8159091
7967	44	33	5772	6727	1786	147	.0036382535	.025467776	.021852238	.014423077	3.9642856
7979	3	14	2123	2416	1279	376	.14413565	.17710787	.15562914	1.1007195	7.6366906
7958	31	19	8656	6885	2451	1214	.14463955	.14024954	.17632535	.21868996	1.511965
7961	29	19	3897	4680	674	171	.040544007	.043879908	.036538463	.064123377	1.5815747
7977	7	39	7057	1804	1005	154	.012753295	.021822304	.085365854	.57692307	45.237179
7966	74	135	4313	4273	1905	205	.013215859	.047530722	.047975659	.22619048	17.11508
7976	8	14	1457	1502	688	261	.1791352	.1791352	.17376831	1.3181819	7.3585858
7965	23	13	1284	1781	450	72	-.028037382	.056074765	.040426727	-.62068963	22.137932
7964	26	15	1895	1341	561	104	.0042216359	.054881267	.077554062	.014760148	3.49631
7951	41	17	3326	1587	589	-41	-.014131089	-.01232712	-.025834909	-.023570713	1.668004
7955	34	34	461	759	630	5	.021691974	.010845987	.0065876152	.90909094	41.909092
8881	55	40	8181	6574	1619	283	.0078230044	.034592349	.043048371	.042077582	5.3786983
9059	20	13	983	1492	437	43	.0071210582	.04374364	.028820375	.21212122	29.787878
7805	44	24	1514	2861	708	207	.12813738	.13672391	.072352327	.33333334	2.6013746
7392	71	80	26169	16268	7575	368	-.00019106576	.01406244	.022621097	-.000633232	3.3142097
9039	31	75	16340	25987	4234	909	.046266831	.055630356	.034979027	.092578985	2.0009797
8849	110	371	99185	110335	15868	5379	.039108735	.05423199	.048751529	.20521638	5.2473283
7924	11	24	5748	5094	1839	404	.088552542	.07028532	.079308994	.13668099	1.5435016
7917	17	30	2647	6330	1634	452	.19304873	.17075935	.071406007	.81760001	4.2351999
9077	28	23	3095	2631	1101	129	-.0016155089	.041680127	.049030788	-.0094339624	5.8396225
8488	12	29	1787	1964	1131	77	.020145494	.043088976	.039205704	.75	37.229168
7800	23	17	3039	1684	621	-170	-.053965122	-.055939455	-.10095012	-.069936037	1.2959489
8995	58	35	39396	8433	5048	2526	.068204895	.064118184	.29953754	.23191783	3.4003108
7329	44	35	2086	3619	1697	37	.0033557047	.017737295	.010223819	.039325844	11.719101
9003	28	19	2954	2460	626	112	.0013540961	.037914693	.045528457	.029629629	21.881481
8461	25	37	3926	4058	1284	-76	-.036933266	-.019358125	-.018728437	-.12154233	3.2908633
8616	36	18	1620	2484	1003	135	.052469134	.083333336	.054347824	.40476191	7.7142859
9054	23	76	3845	3731	1656	282	.063459039	.073342003	.075582951	.13406594	2.1126373
9000	36	28	2793	2164	1518	145	.012889367	.051915504	.067005545	.032461677	2.5184851
9072	11	19	3303	2755	939	234	.022403875	.070844688	.084936477	.14176245	6.3275862
7416	4	25	2251	2429	588	121	.017769881	.053753886	.049814738	2.1052632	118.47369
7802	41	17	3069	1250	494	39	-.01010101	.012707722	.031199999	-.016747704	1.6580226
9078	24	52	18668	13864	7225	3256	.16359545	.17441611	.23485285	.37834489	2.3126857
7407	25	33	3651	4944	1614	275	.05751849	.075321831	.055622976	.20750988	3.6077075
7333	40	124	23908	27477	10435	-238	-.047097206	-.0099548269	-.0086617898	-.39453399	8.3770151
9139	10	300	241222	133477	28969	5164	.02321513	.021407666	.038688313	.23864314	10.279638
8484	14	19	2321	3372	779	181	.054717794	.077983625	.053677343	.25049311	4.5779095
7918	17	30	18386	54610	3257	1352	.021592516	.073534213	.02475737	.61171031	28.329739
9040	29	20	1841	2584	641	49	.023900054	.02661597	.018962849	.061797753	2.585674
7332	20	19	2742	2457	877	92	.015317286	.033552151	.037444036	.052109182	3.4019852
9131	32	49	19062	28166	2854	853	.026177736	.044748716	.03028474	.14108001	5.3893127
9050	23	41	3390	4908	1749	199	.025368731	.058702067	.040546048	.50588238	19.941177
8431	36	30	7389	9022	2282	277	.037758831	.037488159	.030702727	.12455357	3.2986608
7912	23	43	7623	4224	1749	217	.031483669	.028466484	.051373105	.047095761	1.4958792
9041	31	23	5041	3954	964	237	.016861733	.047014482	.059939303	.10315534	6.1177182
7414	6	22	7838	10881	1599	912	.095432505	.11635622	.083815828	.28869161	3.0250869
7388	18	20	1494	2631	876	69	.010709505	.046184737	.02622577	.34782609	32.47826
8499	39	20	1795	3079	426	-41	-.04345404	-.022841226	-.013316012	1.5918367	-36.632652
7352	31	15	625	1252	386	37	.0272	.0592	.029552715	.65384614	24.038462
7389	19	34	1910	3311	1186	54	.026701571	.028272251	.016309272	.085570469	3.2046981
8448	28	32	3921	4939	1391	90	.022188216	.022953328	.018222312	.037809648	1.7040417
9133	26	276	44705	58022	16949	3206	.050419416	.071714573	.055254903	.25061151	4.9705358
7362	48	19	7883	6216	2003	642	.050361536	.081441075	.10328186	.34855136	6.9209833
7905	35	49	9446	12002	3870	1728	.18007623	.18293458	.143976	.43481594	2.4146216
7798	20	13	2504	4104	757	239	.053514376	.095447287	.058235869	.36914602	6.8980718
8441	13	14	1162	1379	563	104	.040447503	.089500859	.075416967	.52808988	13.05618
8868	25	170	34222	42997	10025	796	.016831279	.023259891	.01851292	.10927717	6.492506
8857	29	50	5729	4549	1582	-97	-.033513702	-.016931402	-.021323368	-.13559322	4.0459042
7334	1	10	1968	3456	68	-4758	-2.5538619	-2.4176829	-1.3767362	1.1842601	-.46371347
7331	41	500	642813	663497	171465	47253	.055221349	.073509715	.071218103	.14956684	2.708497
9138	13	25	1208	3254	850	80	.03642384	.066225164	.024585126	-2.2	-60.400002
8457	27	46	6442	5143	2009	240	.001552313	.037255511	.04666537	.041152265	26.510288
7909	29	16	1048	1600	382	-2	.0028625955	-.001908397	-.00125	.018292682	6.390244
7418	3	15	478	1182	455	-5	-.046025105	-.010460251	-.0042301184	-2.2	47.799999
8463	29	21	5484	6289	1225	246	.024070023	.044857766	.039115917	.078478001	3.2604043
9129	38	17	1184	2190	474	86	.068412162	.072635137	.039269406	.20351759	2.9748743
7323	47	18	1581	2022	940	127	.068311192	.080328904	.062809102	.15720524	2.3013101
8468	23	36	759	1061	467	44	.056653492	.057971016	.041470312	.37391305	6.5999999
8613	41	103	34143	39047	8738	2915	.086694196	.085376211	.074653625	.15391815	1.7754147
7341	34	18	3465	3379	1247	443	.13015874	.12784992	.13110387	.1977203	1.5190706
7796	37	20	678	1224	671	16	.042772863	.02359882	.013071896	.092063494	2.1523809
8994	110	340	79120	138723	33681	9418	.11598837	.11903438	.067890689	.43379816	3.7400141
9021	7	51	7479	13800	2948	1040	.11899987	.13905603	.075362317	.45154744	3.7945206
7811	3	13	1526	1990	561	82	.038007863	.053735256	.041206028	1.3809524	36.333332
7340	34	40	3121	5811	2340	333	.085549504	.10669657	.057305112	.28990227	3.3887079
8620	14	350	54671	69325	21712	3008	.024821203	.055020031	.043389831	.1458199	5.8748121
8851	80	52	8200	14370	2980	270	.02609756	.032926828	.018789144	.21993834	8.4275436
7322	48	160	221001	183897	44922	5621	.0023800798	.025434274	.030566024	.0077958265	3.2754476
8853	40	32	16691	14862	2625	825	.013480319	.049427837	.0555107	.076271184	5.6579661
8503	4	26	4094	7983	1097	367	.075232044	.089643382	.045972694	.56102002	7.4571948
7405	38	34	3541	3552	1474	31	-.0036712794	.0087545887	.0087274779	-.022530328	6.1369152
7343	33	15	2134	2227	1222	514	.26054358	.24086224	.23080377	.33861145	1.2996346
7359	28	12	2246	3130	634	157	.058325913	.069902048	.050159745	.8291139	14.21519
9034	35	90	15519	17247	6043	1738	.12410594	.11199176	.10077115	.2508139	2.0209663
7378	31	32	7151	5912	1797	360	.014263739	.050342608	.0608931	.26493508	18.574026
8854	6	30	3620	1728	1067	-15	-.02237569	-.0041436465	-.008680556	-.12328767	5.5098934
9035	35	80	8124	10753	3919	93	.012309208	.011447563	.0086487494	.023826543	1.9356683
8433	53	17	3845	2346	821	-154	-.049414825	-.040052015	-.065643646	-.80851066	16.361702
7403	13	13	781	1459	478	25	.011523687	.032010242	.017135024	.10344828	8.9770117
7412	9	110	11021	17085	4874	372	.021050721	.033753742	.021773485	.23199999	11.021
7356	29	15	5851	5421	5883	612	.089215517	.1045975	.1128943	.091562882	1.0263112
8462	21	30	51748	43638	13100	2196	.02243565	.042436421	.050323114	.076618493	3.4150333
9062	19	32	4155	9592	2028	438	.10132371	.10541517	.045663051	.41437009	4.0895667
7371	36	35	4199	7868	3441	1758	.38032866	.4186711	.2234367	1.0101202	2.6559141
7347	29	20	3149	2852	900	-16	-.0019053668	-.0050809779	-.0056100981	-.0028301887	1.4853773
8874	21	15	3656	3526	996	197	.049507659	.053884026	.055870675	.090954773	1.837186
9024	59	95	13945	19063	5308	862	.062674791	.061814271	.045218486	.14358468	2.2909479
8859	24	24	6501	4554	1330	295	.04706968	.045377634	.064778216	.059952978	1.2737069
7807	41	20	3653	2116	3750	408	.11141527	.11168902	.19281663	.11942488	1.0718896
7379	20	42	4237	8399	1893	73	.011328771	.017229171	.0086915111	.052401748	4.625546
9008	21	18	2330	3714	1006	159	.02918455	.068240345	.042810984	.12252253	4.1981983
9135	27	21	1254	2497	748	-15	-.015151516	-.011961723	-.0060072085	-.060897436	4.0192308
8879	17	36	4231	5800	1450	231	.02221697	.05459702	.039827585	.34814814	15.67037
7417	4	15	948	1595	544	-17	-.059071731	-.01793249	-.010658307	-1.0769231	18.23077
8997	48	308	96202	50894	10776	-344	-.046631046	-.0035758093	-.0067591467	-.2206917	4.7327199
8996	59	20	3570	4685	1582	304	.053781513	.085154064	.064887941	.33103448	6.1551723
8626	47	96	11771	11704	5162	43	-.025316456	.0036530455	.0036739577	-.15282051	6.0364103
7808	12	45	3012	3078	1512	144	.013612218	.047808766	.046783626	.11549295	8.4845066
7374	23	11	1532	1191	881	197	.12793733	.12859008	.16540723	.25128207	1.9641025
7911	23	65	8671	12451	3183	447	.052589089	.051551148	.035900731	.20132451	3.8282561
9023	64	10	9639	5070	813	121	.00082996162	.012553169	.023865879	.01923077	23.170673
7415	5	19	839	1266	595	42	.035756852	.050059594	.033175357	.16483517	4.60989
9073	10	13	1071	1040	215	25	-.018674137	.023342671	.024038462	-.38461539	20.596153
7328	43	30	6233	6660	1225	260	.032247715	.041713461	.039039038	.086563304	2.6843238
8451	13	250	27534	90403	16106	2272	.076995715	.082516164	.025131909	.34811166	4.5211821
7365	25	44	14329	11019	2077	206	-.0057924488	.014376439	.018694982	-.014036868	2.4233046
8445	34	101	10836	8142	2883	445	.01928756	.041066814	.054654878	.054384597	2.8196721
8459	26	22	4996	4671	1307	188	.022417935	.037630104	.040248342	.068334348	3.0482001
8465	23	15	643	1051	347	49	.068429239	.076205291	.046622265	.30985916	4.5281692
7799	26	31	1264	2189	1241	106	.0625	.083860762	.048423938	1.362069	21.793104
8627	6	340	239056	265531	51178	33759	.12715012	.14121796	.12713769	.79631132	6.2627649
8866	29	34	4427	6581	1795	323	.055116333	.072961375	.049080689	.2408687	4.3701878
9134	36	33	5111	7605	1322	203	.020935237	.039718255	.026692966	.1387808	6.6290531
8858	33	17	14683	10717	1783	398	-.0037458285	.027106177	.037137259	-.020507084	5.4746456
7320	58	35	4183	5025	1640	209	.0231891	.049964141	.041592039	.11561383	4.9856973
7913	22	60	11049	7465	4524	1892	.17739162	.17123722	.25344944	.20745131	1.1694539
8615	38	18	1871	1921	1140	251	.1250668	.13415286	.13066112	.5223214	4.1763391
7361	13	17	1009	1883	653	39	.0079286424	.038652129	.020711631	.024691358	3.1141975
9070	1	31	1128	5212	675	150	.020390071	.13297872	.02877974	.11616161	5.6969695
9055	22	35	4195	5191	1841	281	.044338498	.066984504	.054132152	.24473684	5.5197368
8446	31	15	2984	2025	572	-61	-.053619303	-.020442359	-.030123457	-.29465929	5.4953961
8456	27	40	3895	4897	1870	89	.0028241335	.022849808	.018174393	.023554605	8.3404713
7337	37	15	1293	2768	829	352	.26914153	.27223513	.12716763	.64444447	2.3944445
8624	35	27	2827	6564	1823	306	.12451362	.10824195	.046617918	.51237261	4.1149926
9057	26	14	1930	1323	454	77	.019689118	.039896373	.05820106	.049543675	2.5162973
8501	27	18	3633	4197	604	265	.02449766	.072942473	.06314034	1.4833333	60.549999
9011	16	12	1448	2535	506	52	.0041436465	.035911601	.020512821	.042857144	10.342857
7793	42	60	10872	13029	2710	83	.0086460635	.00763429	.0063704043	.012260336	1.4180253
7377	21	24	1422	1764	745	27	-.030942334	.018987341	.015306123	-.75862068	24.517241
9130	35	14	725	1209	394	11	.015172414	.015172414	.0090984283	.026960785	1.7769607
7348	36	41	7545	5588	2455	822	.10284957	.10894632	.14710093	.17149171	1.6674033
8486	36	15	1885	2106	884	200	.12307692	.1061008	.094966762	.20900901	1.6981982
7401	35	248	89304	52104	20834	3161	.019551195	.03539595	.060667127	.041147221	2.1045885
8619	25	20	3562	4775	950	129	.025828186	.036215611	.027015707	.07692308	2.9782608
7391	17	38	7064	7095	1873	34	.018827859	.004813137	.0047921073	.030887134	1.6405016
7338	35	65	13986	23860	5056	2704	.17345917	.19333619	.11332774	.42839485	2.4697156
9002	44	49	3893	11882	1149	114	.034163885	.02928333	.0095943445	.10717163	3.1369863
8999	49	58	17658	7623	2947	93	.0071355761	.0052667344	.012199922	.013024602	1.825305
8494	8	10	5751	10734	3144	2392	.42010084	.41592768	.2228433	.65670019	1.5631965
7804	20	103	21513	31193	6168	909	.0086924182	.04225352	.029141154	.041769043	4.8052268
7396	16	65	11049	8787	4176	922	.081455335	.083446465	.10492773	.12463648	1.5301205
8888	46	28	2353	2691	1168	158	.062898427	.06714832	.058714233	.12802768	2.0354671
7906	35	45	10520	6510	1586	-278	-.060741443	-.026425855	-.042703532	-.51284111	8.443018
7335	37	13	672	1180	460	-67	-.13541667	-.099702381	-.05677966	-5.352941	39.529411
8621	53	20	1348	968	548	54	.0044510388	.040059347	.055785123	.084507041	18.985916
8502	6	50	19577	29093	7869	3550	.20324871	.18133524	.12202248	.29625493	1.4575981
9136	37	18	1375	2672	815	167	.10909091	.12145454	.0625	.25	2.2916667
8772	9	36	4897	6847	1130	150	-.00428834	.030630998	.021907404	-.12426036	28.976332
8826	29	15	6443	5241	390	-896	-.11361167	-.13906565	-.17095974	-.16735254	1.4730225
8758	21	25	5040	5834	1118	181	.024404762	.0359127	.031025026	.065881096	2.699518
7069	41	16	1781	1736	344	39	.010106682	.02189781	.022465438	.084905662	8.4009438
8824	30	18	4496	1727	539	-98	-.015791815	-.021797152	-.056745801	-.02321779	1.470242
9198	7	15	4248	2870	812	152	.011299435	.035781544	.052961674	.097363085	8.6166325
8945	41	14	2425	3381	610	68	.018969072	.028041238	.020112393	.54761904	28.869047
8817	49	40	2436	4748	1664	39	-.0065681445	.016009852	.0082139848	-.04134367	6.2945738
8508	23	20	4787	3420	253	-537	-.15542093	-.11217882	-.15701754	-.58215964	3.7456963
7854	39	14	6892	3890	1483	256	.011027278	.037144516	.065809771	.023442319	2.1258483
8512	9	32	3150	6406	2021	272	.04857143	.086349204	.042460192	.84065932	17.307692
7851	29	12	2341	1382	499	-10	-.023494232	-.0042716786	-.0072358898	-.050045498	2.1301184
8931	37	14	7238	1689	394	-261	-.04227687	-.036059685	-.1545293	-.17258883	4.0823464
7058	37	42	13431	12854	2484	211	.011466011	.015709925	.016415123	.055455528	4.836514
8047	32	35	6168	7127	1555	420	.062581062	.068093382	.058930825	.92565948	14.791367
7850	30	16	2716	3816	987	225	.037555229	.082842417	.058962263	.35294119	9.3979235
8071	38	14	837	1114	593	56	.048984468	.066905618	.050269298	.1469534	3
8832	27	18	4628	2457	771	260	.020959377	.056179777	.1058201	.058118634	2.772918
7990	8	24	2057	2699	1074	123	.038891591	.059795819	.045572434	.13675214	3.5162394
8085	15	28	3242	3014	1463	118	.0089450954	.036397286	.039150629	.14720812	16.456852
8515	6	20	6630	5524	1286	295	.019004526	.044494722	.053403329	.08854533	4.6591706
8744	45	30	6578	7157	2139	491	.087412588	.074642748	.068604164	.10908746	1.2479606
7988	52	22	1815	2586	742	10	.0011019284	.005509642	.0038669761	.0035026269	3.1786339
9190	19	18	4422	1715	544	-144	-.060606062	-.03256445	-.083965011	-.39296189	6.483871
8820	36	40	5729	7330	1790	182	.0061092684	.031768195	.024829468	.016658735	2.7267969
7867	26	20	8148	15719	1129	455	.024423171	.055841923	.028945861	.13117996	5.3711271
7891	7	19	677	1265	751	158	.21565731	.23338257	.12490118	1.3773584	6.3867927
7852	29	14	1140	2599	511	149	.12456141	.13070175	.05732974	.60944206	4.892704
8838	23	23	2262	1477	569	-43	-.028293546	-.019009726	-.029113067	-.26666668	9.4250002
7893	6	16	519	1476	438	150	.23314066	.28901735	.10162602	.92366409	3.961832
8083	50	35	3741	3860	1802	695	.2052927	.1857792	.18005182	.2662968	1.2971567
7987	28	24	7638	2098	999	255	.024351925	.033385701	.12154433	.045399074	1.864291
7824	61	30	7710	14682	2760	1124	.169131	.14578469	.076556325	.29263914	1.7302513
7876	15	39	10761	9204	2042	397	.011430165	.036892481	.043133419	.040620871	3.5538309
9197	33	49	10037	12122	2215	177	-.0082694031	.017634751	.014601551	-.046919163	5.6738272
8092	57	11	903	1405	502	190	.19933555	.21040975	.13523132	.6081081	3.0506756
7080	4	30	5756	9117	1079	191	.0046907575	.033182766	.020949874	.421875	89.9375
8069	41	16	2424	2459	576	52	.020214522	.021452146	.021146808	.046800382	2.3151863
7070	17	17	689	1181	383	22	.018867925	.031930335	.018628281	.2	10.6
7897	4	11	1803	3695	267	-301	-.17637271	-.16694398	-.081461437	-.81538463	4.6230769
7859	24	36	2952	3538	1180	65	.0064363144	.022018971	.018371962	.019133938	2.9728096
8768	13	18	7356	9418	2682	1968	.25203916	.2675367	.20896156	.39991373	1.5867127
7856	27	14	2141	2554	988	293	.1261093	.13685194	.11472201	.48473969	3.843806
7871	18	19	3117	4140	996	227	.039781842	.072826438	.054830916	.33695653	8.470109
7062	31	15	993	589	397	31	.022155086	.031218531	.052631579	.037671234	1.7003424
8067	49	30	2423	3762	1045	177	.068510115	.07304994	.04704944	.17473684	2.5505264
7896	4	15	1171	1946	665	153	.12553373	.13065755	.078622818	.37692308	3.0025642
8950	6	14	884	671	218	-33	-.05882353	-.037330318	-.049180329	1.3	-22.1
8084	19	16	1497	1910	509	53	.020708082	.035404142	.027748691	.25409836	12.270492
7845	32	33	2081	3646	1001	-32	-.040365208	-.015377223	-.008776742	-.16470589	4.0803924
8076	25	13	2459	2341	649	229	.093533956	.093127288	.097821444	.37459284	4.0048862
8834	26	14	1995	2986	525	123	.020551378	.061654136	.04119223	.42268041	20.567011
8753	29	55	18200	17045	3435	1203	.042307694	.066098899	.070577882	.22488318	5.3154206
8935	29	12	2548	2542	497	43	.012951334	.01687598	.016915815	.025114154	1.9391172
8940	20	32	6177	4098	1020	216	.014408289	.034968432	.052708637	.18126273	12.580448
7898	4	13	1227	3207	515	70	.052974734	.057049714	.021827253	.54166669	10.225
7078	9	20	1268	2916	611	144	.11198738	.11356467	.049382716	.52205884	4.6617646
8840	27	12	4511	4522	538	200	.01263578	.044336066	.044228218	.037949402	3.0033288
8075	35	38	2910	2508	1455	107	.034020618	.036769759	.042663477	.23023255	6.7674417
7840	35	12	1928	1021	503	76	.040456433	.039419089	.074436828	.069456816	1.7168299
7883	10	19	3040	7546	1611	544	.18026316	.17894737	.072091177	.30546266	1.6945374
7857	23	30	8171	9334	1439	294	.0095459549	.035980906	.03149775	.084967323	8.9008713
8943	37	27	8433	9045	2041	419	.029645441	.049685758	.046323936	.31685677	10.688213
8830	28	17	1224	2044	761	63	.031045752	.051470589	.030821918	.26950353	8.680851
8831	28	20	834	1181	323	-205	-.26498801	-.24580336	-.1735817	-1.7265625	6.515625
8929	57	54	12431	10571	2707	248	.010296838	.019950125	.023460411	.04698972	4.5635095
7855	28	140	17075	28351	7296	1387	.070278183	.081229866	.048922438	.19172391	2.7280717
8078	24	30	9395	8427	1547	418	.013517829	.044491749	.049602468	.085985102	6.3608665
7866	22	18	2894	6134	764	13	0	.0044920524	.0021193349	0	2.2503889
8948	24	13	1063	1050	322	86	.033866417	.080903105	.081904761	.28125	8.3046875
8080	18	19	7651	11469	957	113	.015945628	.014769311	.0098526459	.050247118	3.1511533
8049	39	20	4391	5542	2825	1691	.40787974	.38510591	.30512449	.64078712	1.5710196
7065	29	23	3133	2460	737	143	.014044047	.045643155	.058130082	.24719101	17.601124
8823	4	34	7839	7390	1396	-236	-.043117743	-.030105881	-.031935047	-.1824069	4.2304373
8505	35	34	20463	30796	5866	3017	.14137712	.14743684	.097967267	.29693112	2.1002772
7848	56	25	5265	5274	1188	169	.010446344	.032098766	.03204399	.062857144	6.0171428
7844	61	19	7497	7790	902	216	.028411364	.028811524	.027727855	.039320659	1.3839763
8082	17	14	662	945	642	102	.17673716	.15407854	.10793651	.28329298	1.6029055
8070	101	15	19470	14451	989	396	.0032357473	.020338982	.027402949	.0072140158	2.2294743
9203	15	28	2271	1765	442	-121	-.087626599	-.053280491	-.068555243	-.45124716	5.1496596
7846	50	20	5117	5436	1011	199	.021887826	.038889974	.036607798	.14017522	6.4042554
8750	31	20	3161	2999	687	90	.012970579	.028472003	.030010004	.043248944	3.3343883
7842	34	32	3372	4451	2941	960	.2817319	.2846975	.21568187	.54786623	1.9446367
7831	41	17	8383	5750	789	77	-.016581176	.0091852555	.013391305	-.080300406	4.8428655
7837	33	54	10838	12938	3073	1186	.073076211	.10942978	.091667958	.36649698	5.0152707
7878	14	30	2750	3630	998	-38	-.033454545	-.013818182	-.01046832	-7.6666665	229.16667
7061	32	23	4134	1259	749	84	-.0012094823	.020319303	.066719621	-.0020644097	1.7068539
8947	29	14	6197	5047	827	38	-.018395998	.0061319992	.0075292252	-.078135706	4.2474298
7900	3	160	31376	33030	7055	1041	.013927842	.033178225	.031516802	.040235706	2.8888683
9194	41	12	1496	1673	464	9	-.014037433	.0060160425	.0053795576	-.11538462	8.21978
8065	58	17	6187	6767	388	-58	-.020042023	-.0093744947	-.0085710064	-.048249029	2.407393
8841	59	22	1606	1419	787	-29	-.039850559	-.018057285	-.020436928	-.92753625	23.275362
8939	25	13	14550	9760	1070	415	-.0087285219	.028522337	.042520493	-.02504931	2.8698225
8090	66	35	2543	3722	1634	230	.092803776	.090444356	.061794735	.58999997	6.3575001
7853	30	50	15849	17736	3059	382	.0019559595	.024102466	.021538114	.0059092641	3.0211589
7895	25	26	4892	4038	1154	257	.0091986917	.052534752	.06364537	1.5517242	168.68965
7060	32	14	1616	8964	464	22	-.038985148	.013613861	.0024542615	-.14221218	3.6478555
9451	36	28	9863	7522	2813	292	.011558349	.029605597	.038819462	.039134912	3.3858564
8742	4	24	16177	1833	2005	413	.027755456	.025530074	.22531369	.61760658	22.251719
8724	25	14	5105	8185	1223	561	.074632712	.10989226	.068540014	.22651605	3.0350773
8710	49	53	18137	15009	2864	-781	-.058444064	-.043061145	-.052035447	-.19499633	3.3364606
8726	24	80	20684	34714	4605	1000	.02185264	.048346549	.028806822	.11655492	5.3336773
8719	29	20	6869	6802	1201	251	.013830252	.036540981	.036900911	.048818089	3.5298047
9463	6	12	928	1465	327	62	.024784483	.066810347	.042320818	.37096775	14.967742
8733	16	25	3452	6478	1039	187	.0315759	.054171495	.028866934	.56770831	17.979166
8741	6	50	8340	10631	2599	548	.050839327	.065707438	.05154736	.96803653	19.041096
8729	23	39	1031	856	891	11	.017458778	.010669253	.012850467	.39130434	22.413044
9457	17	181	51144	206944	17286	5240	.035800874	.10245581	.02532086	.087086804	2.4325328
8717	31	400	104331	111846	23808	8654	.054854263	.082947545	.07737425	.40012586	7.2943439
8713	36	40	29150	9376	5458	2715	.10593482	.093138933	.28956911	.12224378	1.1539527
8718	30	15	1051	2685	608	97	.074215032	.092293054	.036126629	.40837696	5.5026178
8739	6	12	1702	1397	370	-1	-.016451234	-.00058754405	-.00071581959	-.48275861	29.344828
8709	53	16	13482	15328	754	271	-.0089749293	.020100875	.017680062	-.037105184	4.1343145
8727	24	27	5470	2764	1075	326	.01023766	.059597805	.11794501	1.4	136.75
9455	29	17	2665	1820	115	-669	-.28818011	-.25103191	-.36758241	-2.1694915	7.5282488
7018	30	42	3624	4885	1357	106	.012417219	.029249448	.021699078	.042095415	3.3900843
7013	36	63	11667	10008	2684	127	-.0070283706	.010885403	.012689848	-.029233512	4.1593585
7022	45	35	9364	14488	2265	259	.0085433573	.02765912	.017876863	.049261082	5.7660098
6969	29	15	3044	1288	223	-266	-.14093298	-.087385021	-.20652173	1.3039514	-9.2522793
7045	9	24	1246	2138	1399	84	.061797753	.067415729	.039289054	.28102189	4.5474453
7005	5	25	391	664	586	33	.030690538	.084398977	.049698796	.52173913	17
6965	64	40	8832	5869	1930	300	.027400363	.033967391	.051116034	.062419396	2.2780499
6953	47	34	3162	1766	708	48	.0060088551	.015180266	.027180068	.010567297	1.7586207
6995	10	11	2360	2883	536	85	.00042372881	.036016949	.029483177	.0032258064	7.6129031
8119	16	60	7295	7711	2650	406	.023577793	.055654559	.052652057	.13312693	5.6462851
8911	16	30	3036	5638	1020	107	.016469039	.035243742	.018978361	.088652484	5.3829789
6970	27	180	38611	28263	8785	2069	.04133537	.053585764	.073205248	.49457702	11.964983
8891	48	500	147940	212273	38853	6827	.057739623	.046147086	.032161415	.11661433	2.0196588
6987	30	34	2704	3509	1624	607	.2285503	.22448225	.17298375	.3756839	1.643769
8903	23	15	1525	1369	541	-43	-.036065575	-.02819672	-.031409789	-.10536399	2.9214559
8116	31	13	2663	4846	620	-26	.020277882	-.0097634243	-.0053652497	.036363635	1.7932659
6999	8	18	1240	1840	540	33	.026612904	.026612904	.017934782	.063461542	2.3846154
8125	8	11	820	1153	309	34	.023170732	.041463416	.029488292	.61290324	26.451612
7007	33	104	30663	17017	5338	462	-.017480351	.015067019	.027149322	-.071238704	4.0753589
8908	16	32	652	940	635	85	.11503068	.1303681	.090425529	.52447551	4.5594406
6978	44	55	9435	6422	2982	339	.023529412	.035930049	.052787293	.072739184	3.0914154
8899	27	15	1597	1754	570	42	.030056356	.026299311	.023945268	.053571429	1.782366
6957	41	18	5059	2948	740	150	.022534098	.029650129	.050881952	.033207107	1.4736382
6994	39	15	2523	1357	232	-213	-.087197781	-.084423304	-.15696388	-.14454664	1.6576873
7028	25	110	26147	52701	6777	1271	.034076568	.048609782	.024117189	.26885939	7.8898611
8096	78	198	39192	32730	11441	505	.020744029	.012885283	.01542927	.029431995	1.4188176
8121	14	15	1021	1109	452	-14	-.027424093	-.013712047	-.012623985	-.08259587	3.0117993
6963	34	130	25706	34177	6959	2147	.040574186	.083521359	.062820025	.38543975	9.49963
8126	7	281	89644	131938	11422	1432	.027341485	.015974298	.010853583	.092816301	3.394706
8926	35	18	844	1685	676	97	.095971562	.11492891	.057566766	.84375	8.791667
8901	26	24	1050	1714	727	67	.044761904	.063809521	.039089847	.31543624	7.0469799
6950	63	18	2349	1392	314	29	.0038314175	.012345679	.020833334	.0097826086	2.5532608
6998	9	70	5978	6007	1230	-515	-.13215122	-.086149216	-.085733309	1.5959595	-12.076768
6980	17	15	858	971	324	26	-.0093240095	.030303031	.026776519	-.026845638	2.8791947
6976	21	21	568	1557	672	161	.25704226	.28345069	.10340399	2.862745	11.137255
6982	16	19	1708	2361	473	-28	-.019320844	-.016393442	-.011859382	-.058303885	3.0176678
6973	25	17	2671	2371	442	86	.054286785	.03219768	.036271617	.086155675	1.587047
8909	21	32	3485	3916	1592	194	.072022952	.055667143	.049540348	.17479108	2.4268801
6962	36	17	2222	2647	938	107	.021152114	.048154816	.040423121	.10804598	5.1080461
7006	5	20	817	959	674	58	.046511628	.070991434	.060479667	1.6521739	35.52174
7019	30	30	11307	8130	1291	-94	-.020252941	-.0083134342	-.011562116	-.040783614	2.0137134
6955	42	480	98327	127764	37739	-265	-.069634996	-.0026950887	-.0020741366	-.31563178	4.5326605
8109	34	13	1618	1857	564	166	.10444994	.1025958	.089391492	.17368962	1.6628983
8927	7	65	4234	4577	1944	149	.017713746	.035191309	.032554075	7.5	423.39999
6993	10	43	1866	2060	1389	148	.069667742	.079314038	.07184466	.12770137	1.8330059
6996	9	21	3422	2087	670	113	.0064289891	.033021625	.054144707	.021611001	3.3614931
8913	30	57	7613	9737	2490	414	.04781295	.054380666	.042518228	.11599745	2.4260676
8919	9	32	1286	3276	970	69	.00311042	.053654745	.021062272	.046511628	14.953488
8114	14	45	4992	4010	1182	14	-.02704327	.0028044872	.0034912718	-.079834417	2.9520993
8098	43	55	15224	5939	2285	15	-.0055176038	.00098528643	.0025256777	-.0080529191	1.4594958
7014	37	27	3178	3238	940	116	.033983637	.036500946	.035824582	.07180851	2.1130319
8101	40	26	1896	1407	644	-40	-.073839664	-.021097047	-.028429283	-.41297936	5.5929203
6981	15	65	4356	5190	1649	238	.020890726	.054637283	.045857418	.26686218	12.774194
8097	64	42	8048	7796	1832	310	.018638171	.038518887	.039763983	.048262548	2.5894465
9104	21	33	9697	13944	2273	658	.02093431	.067856036	.047188755	.19481766	9.3061419
9122	8	17	590	931	422	5	-.015254238	.0084745763	.0053705694	-.22499999	14.75
9116	12	500	645219	220067	100112	-7958	-.046852309	-.012333796	-.036161713	-.15739709	3.3594308
9107	20	32	5501	3784	1980	603	.11161607	.10961644	.15935518	.18572293	1.6639444
7931	44	50	7603	4383	1390	380	.02393792	.049980272	.086698607	.062179707	2.5975401
7943	8	14	484	310	204	3	0	.0061983471	.0096774194	0	5.6279068
9088	19	40	3352	2106	1221	185	.017004773	.055190932	.087844253	.46341464	27.252033
7933	34	50	4943	4979	2222	310	.034998987	.062714949	.062261499	.31743118	9.069725
9120	109	45	3337	3345	2722	66	.019478574	.019778244	.019730942	.041296061	2.1200762
9930	17	18	2168	2661	713	90	.014298893	.041512914	.03382187	.078680202	5.5025382
7935	20	485	89707	71777	14782	-5678	-.092110984	-.063294947	-.079106122	-.50962132	5.5326877
9118	21	70	14592	17313	4359	858	.019120065	.058799341	.049558137	.10644792	5.5673409
9121	8	16	731	1095	234	40	.027359782	.054719564	.036529679	.54054052	19.756756
8060	23	10	1304	725	446	14	-.012269938	.010736196	.019310344	-.31999999	26.08
9100	26	11	1085	1133	347	-1	-.007373272	-.000921659	-.00088261254	-.08421053	11.421053
9090	149	75	17489	13161	4276	375	.016867746	.02144205	.028493276	.029675083	1.7592797
9087	28	17	1780	1755	815	131	.028089888	.073595509	.074643873	1.4285715	50.857143
9098	19	15	721	1139	337	543	.70319003	.75312066	.47673398	33.799999	48.066666
7939	13	15	833	1091	586	65	.045618247	.078031212	.05957837	.30158731	6.6111112
9095	33	23	2095	1966	1289	177	.034367543	.084486872	.090030521	2.4000001	69.833336
8058	40	20	1778	1015	429	26	.00056242972	.014623172	.025615763	.0022573364	4.0135441
9086	33	25	2385	1251	943	14	-.022222223	.0058700209	.011191047	-.13118812	5.9034653
8064	6	250	47943	53294	20612	3527	.051185783	.073566526	.066180058	.26432571	5.1640458
9111	46	21	1281	723	486	7	-.010148321	.0054644807	.0096818814	-.062801935	6.188406
8059	28	31	4634	764	439	-36	-.016400518	-.0077686664	-.047120418	-.11360239	6.9267564
7614	16	27	9189	6121	2362	326	.0066383719	.035477202	.053259272	.021396002	3.2230797
9263	16	18	2048	2291	687	196	.091308594	.095703125	.085552163	.20064378	2.1974249
8702	31	29	8266	6183	1376	374	.019719332	.045245584	.060488436	.14488889	7.3475556
7629	69	10	973	904	276	31	.0030832477	.031860225	.034292035	.16666667	54.055557
7054	19	10	2928	948	456	103	.014344262	.035177596	.10864979	.025179856	1.7553957
9275	3	21	1072	1203	418	0	-.036380596	0	0	-1.1818181	32.484848
7604	21	12	2816	1279	1112	-152	-.07990057	-.053977273	-.11884285	-.24012807	3.0053363
7609	19	21	11147	8665	1951	437	.043958016	.039203372	.050432775	.074695125	1.6992378
9256	34	13	5876	21024	746	291	.021102792	.049523484	.013841324	.18262151	8.653903
9269	6	20	1152	1377	794	95	.072916664	.082465276	.068990558	.54901963	7.5294118
7620	7	12	890	1051	474	11	-.020224718	.01235955	.010466223	-.23376623	11.558441
9267	8	15	1644	2657	339	62	-.0006082725	.037712894	.023334587	-.0024271845	3.9902914
8708	8	23	2022	1899	896	109	.028189911	.053907022	.057398632	.34131736	12.107784
7610	18	36	7229	4960	2241	101	.00013833171	.013971504	.020362902	.00027670173	2.0002768
7603	23	50	11314	13973	4596	1662	.15114018	.14689764	.11894368	.25725892	1.7021213
7608	19	80	14736	8958	2286	-450	-.057885449	-.03053746	-.050234426	-.13643634	2.3570058
7616	14	17	188	358	256	23	.11702128	.12234043	.064245813	.95652175	8.173913
7618	11	14	218	378	322	23	.082568809	.10550459	.06084656	1.8	21.799999
7607	20	47	9470	8386	2867	1087	.1032735	.11478353	.12962079	.19603127	1.898176
7619	11	44	3494	3777	1920	304	.044647969	.087006293	.080487162	1.0263158	22.986841
7601	24	48	6493	7797	2522	654	.071461573	.10072386	.083878413	.23917526	3.3469071
7624	8	18	3047	2438	962	249	.072530359	.081719726	.10213289	.1343465	1.8522797
7623	11	12	1223	1116	637	97	.035159443	.079313166	.086917564	1.0487804	29.829268
7625	7	13	1883	6050	570	64	.046733934	.033988316	.010578512	.18644068	3.9894068
7627	4	12	2536	1385	540	166	.059148263	.065457411	.1198556	.18963337	3.2060683
7613	21	29	17819	8874	2897	1354	.074190468	.075986303	.15258057	.2601338	3.5062966
8703	16	19	2225	2587	930	134	.062022474	.060224719	.05179745	.095899932	1.5462127
7582	29	24	538	402	295	-110	-.20446096	-.20446096	-.27363184	.22774327	-1.1138717
7584	23	14	1523	2010	535	163	.083388053	.10702561	.081094526	.18065433	2.1664295
7580	88	14	4251	1351	186	-269	-.089155495	-.063279226	-.19911177	-.17945075	2.012784
8530	35	37	17229	19289	1690	530	.028150212	.030762088	.027476801	.13997114	4.9722943
9183	13	16	8317	3154	692	187	.001442828	.02248407	.059289791	.003346347	2.3192973
7310	31	29	6864	4727	1578	251	.012237762	.036567599	.053099219	.035279293	2.8828223
8548	17	80	15158	7183	3202	750	.018142235	.049478821	.1044132	.056654304	3.1227853
7591	17	15	6788	4453	444	196	.0344726	.028874485	.04401527	.07374724	2.1393003
7093	22	20	5705	4002	954	240	.037510954	.042068362	.059970014	.4385246	11.690574
9160	34	25	12969	6484	1242	440	.026062148	.033927057	.067859344	.047081765	1.806519
8541	29	21	6100	8718	841	105	.016065573	.017213115	.012044047	.14327486	8.918129
8522	61	15	1701	1238	493	-62	-.050558496	-.036449149	-.050080776	-1.6226416	32.094341
9159	34	34	12115	7918	2277	837	.061328933	.069087908	.10570851	.090323366	1.4727693
9156	41	51	16114	3392	4406	-3255	-.214596	-.20199826	-.95961082	-.48302835	2.2508731
7099	15	45	4922	2520	2102	87	.0014221861	.017675741	.034523811	.0060606059	4.2614717
9181	16	20	252	426	304	13	.035714287	.051587302	.030516433	.42857143	12
9170	21	61	12635	9657	2887	718	.048990898	.056826275	.074350215	.12146782	2.4793956
7098	18	500	525520	751039	180222	58131	.11446567	.11061615	.077400774	.26038438	2.2747815
9189	7	35	13830	6823	2134	31	-.003615329	.0022415039	.0045434558	-.010356255	2.8645401
8568	23	67	231792	23485	15761	-1410	-.01046628	-.00608304	-.060038321	-.10717441	10.239972
8575	17	16	6902	4766	1142	-209	-.017241379	-.030281078	-.043852288	-.026741574	1.5510112
8572	5	12	3525	4493	581	240	.026099291	.068085104	.053416427	.21749409	8.333333
9165	41	100	4819	19088	2459	26	-.015770907	.00539531	.0013621124	-.074074075	4.6968813
9162	27	400	148150	59551	31909	-7805	-.069935873	-.052683093	-.13106413	-.23775212	3.3995731
8543	18	15	1483	3094	664	203	.13486177	.13688469	.065610863	.74074072	5.4925928
8566	20	500	101398	117289	31165	4200	.033915855	.041420937	.035808984	.11616673	3.4251451
8531	31	18	1886	1778	474	-57	-.046129376	-.030222693	-.032058492	-.22894737	4.9631581
7316	12	25	527	1187	282	9	.017077798	.017077798	.0075821397	.47368422	27.736841
7091	31	13	2540	1657	536	97	.021653544	.038188975	.058539528	.05102041	2.3562152
8561	11	17	3868	2460	858	123	-.044725958	.03179938	.050000001	-.63602942	14.220589
9174	19	30	2612	2192	1102	246	.093797855	.094180703	.11222628	.15755627	1.6797428
8556	12	58	5462	8024	2430	319	.023617722	.058403514	.039755732	.16370559	6.9314723
8552	33	22	6519	2476	726	104	.013192208	.015953368	.042003229	.20924574	15.861314
8533	29	16	7623	8652	1021	187	.028072936	.024531025	.021613499	.056538969	2.0140026
8558	13	60	43600	55294	7362	3481	.043256883	.079839453	.062954389	.1023276	2.3655798
7592	11	14	4616	5700	612	263	.029246101	.056975737	.04614035	.20361991	6.9622927
8535	28	250	29566	6838	7029	1128	.03700196	.038151931	.16496052	.051567286	1.3936366
9158	36	95	27218	20282	6488	2060	.09739878	.075685211	.10156789	.11626173	1.1936672
7104	4	92	97419	31230	14513	6735	.056436628	.069134355	.21565802	.1270685	2.2515254
7311	29	20	441	465	264	88	.19047619	.19954649	.18924731	.48837209	2.5639534
9180	22	18	4129	2937	672	103	-.0048437878	.024945507	.035069801	-.014450867	2.9833815
7314	16	22	45591	71281	3919	1063	.0078743612	.023316005	.01491281	.026478833	3.3626642
8555	14	20	2547	3618	961	323	.11307421	.12681586	.089275844	.261343	2.3112524
9187	8	30	11013	8103	1248	430	.023517661	.039044764	.053066764	.083791651	3.5629246
7107	53	24	3085	3113	1599	1057	.34521881	.34262562	.33954385	.52385634	1.5174619
8036	21	49	6871	4385	1679	503	.035948187	.073206231	.11470924	.17128988	4.7649097
9252	4	41	3117	3983	2073	134	.018928457	.042990055	.033642981	.23046875	12.175781
7127	18	22	2510	2934	723	74	.0091633471	.029482072	.02522154	.38333333	41.833332
7812	60	75	17744	24686	3968	249	.011271415	.014032912	.010086689	.025690431	2.2792549
7820	11	15	3097	2386	632	159	.013884405	.051340006	.066638723	.058503401	4.2136054
8040	19	69	9176	9402	2528	346	.022667829	.037707061	.036800683	.049808428	2.1973181
7151	8	12	3096	3319	559	135	.018410852	.04360465	.040674902	.26760563	14.535212
8038	20	15	3367	1796	962	89	.01009801	.026433026	.049554564	.021197008	2.0991273
7156	20	38	2700	4876	933	197	.075925924	.072962962	.040401969	.72695035	9.5744677
7124	20	10	976	714	344	32	.032786883	.032786883	.044817928	.059149724	1.8040665
7823	8	16	15046	12896	1074	524	.021467499	.034826532	.040632755	.092656337	4.3161216
7129	16	48	8677	5275	2014	144	.0085282931	.016595598	.027298579	.022096148	2.5909226
7817	21	10	1789	2144	624	192	.10844047	.10732253	.089552239	.17430368	1.6073675
7128	15	29	4589	2022	1146	103	.007626934	.022444976	.050939664	.024946542	3.2708483
7150	8	17	2716	4239	719	206	.021723121	.075846836	.048596367	.16208792	7.4615383
7145	10	30	4918	4674	1156	102	-.0032533549	.020740138	.021822849	-.017241379	5.2995691
7816	22	19	1663	1830	961	142	.067348167	.085387856	.077595629	.25225225	3.7454956
8043	12	15	3953	4131	1643	1178	.30255502	.29800153	.28516099	.34636548	1.1448016
7154	5	20	3159	4620	600	156	.029756252	.049382716	.033766232	.13682678	4.5982533
7114	28	33	4402	5731	1241	199	.023171285	.045206726	.034723435	.07332854	3.1646297
7138	11	40	2990	2253	958	77	-.0056856186	.025752509	.034176655	-.16504854	29.029127
7421	14	70	8283	4930	1933	-98	-.040202826	-.011831462	-.019878296	-.097797357	2.4325991
7113	59	25	5565	2625	355	-226	-.057861634	-.040610962	-.086095236	-.14838709	2.5645161
7135	46	77	29221	42001	13952	5813	.1791862	.19893228	.13840146	.39838699	2.2233129
7142	11	15	6985	11026	966	158	.0071581961	.022619899	.014329766	.065274149	9.1187992
8042	12	40	5313	3758	1363	-218	-.056277055	-.041031431	-.05800958	-.13913448	2.4723127
7147	9	12	877	824	445	54	.025085518	.061573546	.065533981	.15602838	6.2198582
7821	33	180	12765	692	1043	613	.0078339204	.048021935	.88583815	.58823532	75.088234
7115	27	10	1729	790	218	-63	-.046269521	-.036437247	-.079746835	-.14159292	3.0601771
8039	18	42	978	1435	1010	79	.088957056	.080777094	.055052266	.15591398	1.7526882
8034	49	14	1707	1415	545	162	.10251904	.094903342	.11448763	.1520417	1.4830582
7117	25	45	6735	5404	1303	334	.0074239052	.049591687	.061806068	.023596035	3.178386
8982	63	50	15929	15365	4367	860	.057756294	.053989578	.055971362	.087794639	1.5200878
8989	15	46	18229	10449	2408	452	.010422952	.024795655	.043257728	.02401112	2.3036776
8517	24	47	3130	4156	1464	-395	-.14568689	-.12619808	-.095043309	-1.1937172	8.193717
8983	24	80	8746	4870	3370	195	.029384861	.022295907	.040041067	.043916609	1.4945318
8518	5	12	1304	839	323	-6	-.0030674846	-.0046012271	-.0071513709	-.0096385544	3.1421688
8991	9	28	2031	4546	1011	130	.052191038	.064007878	.028596569	.13006134	2.4920244
9022	35	42	20638	27501	1953	547	-.00024227153	.026504505	.019890185	-.0011918951	4.9196663
7789	29	35	6193	4067	1045	88	-.0077506863	.014209592	.02163757	-2.6666667	344.05554
7759	21	67	24958	27466	4551	-170	-.019072041	-.0068114433	-.0061894706	-.11268939	5.9086175
7783	48	45	17429	3444	2340	-29	-.015950428	-.0016638935	-.0084204413	-.029131301	1.8263649
7786	6	23	3989	2373	880	-122	-.041614439	-.030584106	-.051411714	-.098050795	2.3561726
7633	7	120	2668	4247	1616	608	.19190405	.22788605	.14315988	.7201125	3.7524614
9231	16	35	3222	3900	1414	195	.047796398	.060521416	.050000001	.34529147	7.224215
7779	13	29	1483	1841	954	97	.041807149	.065407954	.052688755	.34444445	8.2388887
8607	18	23	22513	9043	6746	3847	.18735841	.17087905	.42541191	.21168323	1.1298304
9447	21	30	31836	10237	2038	1504	.022019098	.047242116	.14691804	.10371356	4.7101641
9445	29	47	17957	7676	2192	646	.037812553	.03597483	.084158413	.051544826	1.363167
9444	36	13	2999	3922	900	221	.031010337	.073691234	.056348801	.62837839	20.263514
9450	3	12	2140	2526	605	132	.035981309	.061682243	.052256532	.14666666	4.0761905
8606	25	36	16414	1959	2661	260	.0035335689	.015840137	.13272078	.03808273	10.777413
7781	10	20	2527	3391	551	128	.030470913	.050652947	.037746977	.2673611	8.7743053
9079	42	25	4324	2369	754	126	.010869565	.029139686	.053186998	.029559748	2.719497
7773	26	85	26026	12960	3894	1109	.025820334	.042611234	.085570991	.061163194	2.3687994
8604	36	12	20023	6969	1807	731	.016331218	.036508016	.1048931	.078098878	4.7821832
7778	13	25	3132	4818	1080	28	.012771392	.008939974	.0058115399	.033670034	2.6363637
8605	29	42	27511	15338	3984	1498	.054051109	.054450948	.097665928	.25677776	4.7506475
7765	52	10	3772	1454	390	89	-.00053022272	.02359491	.061210454	-.00098039221	1.8490196
7764	74	374	115253	58003	25958	-3488	-.065108933	-.030263854	-.060134821	-.32610491	5.0086045
6917	30	68	23047	14238	3660	553	.0038616739	.023994446	.038839724	.011204834	2.9015486
8608	13	16	2536	857	451	23	-.0027602524	.0090694008	.026837807	-.0067829457	2.4573643
8128	14	28	6568	4762	1024	216	-.0041108406	.032886725	.045359094	-.02537594	6.1729321
7567	44	45	17425	20814	4021	956	.05107604	.054863703	.045930624	.08999899	1.7620589
7576	13	500	392052	501001	146402	49272	.13393122	.12567721	.098347113	.3784824	2.8259463
8601	10	14	3003	1619	488	60	.012321012	.019980021	.037059914	.018407959	1.4940299
8600	33	16	652	1204	463	32	.024539877	.049079753	.026578072	.8888889	36.222221
7579	4	10	1160	1188	625	95	.05086207	.081896551	.079966329	.32777777	6.4444447
9238	55	20	8555	4557	844	310	.010403273	.036236119	.068027213	.055590257	5.3435354
7573	11	22	3132	1025	484	62	.0041507026	.019795658	.060487803	.047445256	11.430657
9239	14	15	3638	1219	405	16	-.016492579	.0043980209	.013125513	-.12	7.276
